   1.3181412e+02   2.1913055e+01  -7.8167318e+01   6.3533333e+01   2.1526000e+01   7.1556000e+01
   1.3181415e+02   3.2869578e+01  -1.1725097e+02   9.3066667e+01   2.1648778e+01   7.1598889e+01
   1.3181418e+02   3.2869573e+01  -1.1725096e+02   9.2500000e+01   2.1778444e+01   7.1440000e+01
   1.3181422e+02   3.2869571e+01  -1.1725095e+02   9.1833333e+01   2.1916333e+01   7.1225556e+01
   1.3181425e+02   3.2869568e+01  -1.1725095e+02   9.1000000e+01   2.1866222e+01   7.0837778e+01
   1.3181429e+02   3.2869564e+01  -1.1725095e+02   8.9900000e+01   2.1819000e+01   7.0601111e+01
   1.3181432e+02   3.2869564e+01  -1.1725094e+02   8.9200000e+01   2.1641667e+01   7.0532222e+01
   1.3181436e+02   3.2869563e+01  -1.1725091e+02   8.4200000e+01   2.1441333e+01   7.0847778e+01
   1.3181439e+02   3.2869559e+01  -1.1725091e+02   8.1166667e+01   2.1533333e+01   7.1378889e+01
   1.3181443e+02   3.2869555e+01  -1.1725091e+02   7.9700000e+01   2.1605556e+01   7.1502222e+01
   1.3181446e+02   3.2869555e+01  -1.1725091e+02   7.8533333e+01   2.1707444e+01   7.1434444e+01
   1.3181450e+02   3.2869553e+01  -1.1725091e+02   7.7333333e+01   2.1757444e+01   7.1253333e+01
   1.3181453e+02   3.2869553e+01  -1.1725091e+02   7.6400000e+01   2.1854222e+01   7.1016667e+01
   1.3181457e+02   3.2869550e+01  -1.1725091e+02   7.6100000e+01   2.1946778e+01   7.0733333e+01
   1.3181460e+02   3.2869549e+01  -1.1725091e+02   7.6133333e+01   2.2009111e+01   7.0421111e+01
   1.3181464e+02   3.2869549e+01  -1.1725091e+02   7.5933333e+01   2.2048667e+01   7.0151111e+01
   1.3181467e+02   3.2869549e+01  -1.1725091e+02   7.5900000e+01   2.2003444e+01   6.9933333e+01
   1.3181471e+02   3.2869553e+01  -1.1725090e+02   7.5933333e+01   2.1941222e+01   6.9886667e+01
   1.3181474e+02   3.2869553e+01  -1.1725089e+02   7.6833333e+01   2.1881667e+01   6.9964444e+01
   1.3181478e+02   3.2869553e+01  -1.1725089e+02   7.7633333e+01   2.1791222e+01   7.0143333e+01
   1.3181481e+02   3.2869553e+01  -1.1725089e+02   7.8100000e+01   2.1684444e+01   7.0403333e+01
   1.3181484e+02   3.2869556e+01  -1.1725089e+02   7.8133333e+01   2.1538000e+01   7.0675556e+01
   1.3181488e+02   3.2869550e+01  -1.1725089e+02   7.7833333e+01   2.1367444e+01   7.1053333e+01
   1.3181491e+02   3.2869549e+01  -1.1725089e+02   7.7333333e+01   2.1213111e+01   7.1540000e+01
   1.3181495e+02   3.2869546e+01  -1.1725089e+02   7.7000000e+01   2.1137889e+01   7.2111111e+01
   1.3181498e+02   3.2869545e+01  -1.1725089e+02   7.6866667e+01   2.1139667e+01   7.2501111e+01
   1.3181502e+02   3.2869545e+01  -1.1725089e+02   7.6866667e+01   2.1219667e+01   7.2776667e+01
   1.3181505e+02   3.2869545e+01  -1.1725089e+02   7.6533333e+01   2.1213111e+01   7.2787778e+01
   1.3181509e+02   3.2869553e+01  -1.1725092e+02   7.5833333e+01   2.1195000e+01   7.2750000e+01
   1.3181512e+02   3.2869581e+01  -1.1725094e+02   7.5200000e+01   2.1204556e+01   7.2767778e+01
   1.3181516e+02   3.2869643e+01  -1.1725096e+02   7.4866667e+01   2.1170222e+01   7.2887778e+01
   1.3181519e+02   3.2869719e+01  -1.1725097e+02   7.4500000e+01   2.0827778e+01   7.3000000e+01
   1.3181523e+02   3.2869799e+01  -1.1725101e+02   7.3633333e+01   2.0538556e+01   7.3466667e+01
   1.3181526e+02   3.2869883e+01  -1.1725110e+02   7.3166667e+01   2.0311111e+01   7.4120000e+01
   1.3181530e+02   3.2869958e+01  -1.1725124e+02   7.2433333e+01   2.0137889e+01   7.5007778e+01
   1.3181533e+02   3.2869999e+01  -1.1725138e+02   7.1333333e+01   2.0162778e+01   7.5744444e+01
   1.3181537e+02   3.2870033e+01  -1.1725151e+02   7.0966667e+01   2.0076333e+01   7.6197778e+01
   1.3181540e+02   3.2870130e+01  -1.1725154e+02   7.1300000e+01   2.0180111e+01   7.6612222e+01
   1.3181543e+02   3.2870229e+01  -1.1725153e+02   7.1900000e+01   2.0289556e+01   7.6696667e+01
   1.3181547e+02   3.2870328e+01  -1.1725152e+02   7.2566667e+01   2.0364222e+01   7.6576667e+01
   1.3181550e+02   3.2870430e+01  -1.1725151e+02   7.3366667e+01   2.0350444e+01   7.6373333e+01
   1.3181554e+02   3.2870531e+01  -1.1725150e+02   7.3866667e+01   2.0341222e+01   7.6272222e+01
   1.3181557e+02   3.2870630e+01  -1.1725147e+02   7.5000000e+01   2.0417333e+01   7.6376667e+01
   1.3181561e+02   3.2870728e+01  -1.1725145e+02   7.5166667e+01   2.0461667e+01   7.6422222e+01
   1.3181564e+02   3.2870817e+01  -1.1725138e+02   7.5233333e+01   2.0687889e+01   7.6454444e+01
   1.3181568e+02   3.2870892e+01  -1.1725131e+02   7.5633333e+01   2.0616000e+01   7.6145556e+01
   1.3181571e+02   3.2870953e+01  -1.1725122e+02   7.6233333e+01   2.0524444e+01   7.5811111e+01
   1.3181575e+02   3.2870998e+01  -1.1725113e+02   7.7100000e+01   2.0418333e+01   7.5665556e+01
   1.3181578e+02   3.2871029e+01  -1.1725104e+02   7.7933333e+01   2.0432556e+01   7.5827778e+01
   1.3181582e+02   3.2871039e+01  -1.1725093e+02   7.8233333e+01   2.0300667e+01   7.5937778e+01
   1.3181585e+02   3.2871033e+01  -1.1725083e+02   7.8766667e+01   2.0407333e+01   7.6208889e+01
   1.3181589e+02   3.2871017e+01  -1.1725073e+02   7.9433333e+01   2.0595667e+01   7.6561111e+01
   1.3181592e+02   3.2870983e+01  -1.1725064e+02   8.0033333e+01   2.0642444e+01   7.6466667e+01
   1.3181596e+02   3.2870938e+01  -1.1725057e+02   8.0866667e+01   2.0909000e+01   7.6358889e+01
   1.3181599e+02   3.2870890e+01  -1.1725050e+02   8.1666667e+01   2.1146667e+01   7.5878889e+01
   1.3181603e+02   3.2870833e+01  -1.1725046e+02   8.3100000e+01   2.1267222e+01   7.5125556e+01
   1.3181606e+02   3.2870774e+01  -1.1725040e+02   8.4266667e+01   2.1411222e+01   7.4420000e+01
   1.3181609e+02   3.2870715e+01  -1.1725036e+02   8.4966667e+01   2.1492778e+01   7.3820000e+01
   1.3181613e+02   3.2870655e+01  -1.1725033e+02   8.5400000e+01   2.1510222e+01   7.3253333e+01
   1.3181616e+02   3.2870598e+01  -1.1725029e+02   8.5466667e+01   2.1533556e+01   7.2820000e+01
   1.3181620e+02   3.2870537e+01  -1.1725024e+02   8.5900000e+01   2.1659889e+01   7.2602222e+01
   1.3181623e+02   3.2870480e+01  -1.1725020e+02   8.6600000e+01   2.1665111e+01   7.2406667e+01
   1.3181627e+02   3.2870421e+01  -1.1725014e+02   8.7266667e+01   2.1523000e+01   7.2245556e+01
   1.3181630e+02   3.2870364e+01  -1.1725011e+02   8.8100000e+01   2.1496222e+01   7.2418889e+01
   1.3181634e+02   3.2870299e+01  -1.1725007e+02   8.9033333e+01   2.1568778e+01   7.2615556e+01
   1.3181637e+02   3.2870242e+01  -1.1725002e+02   8.9700000e+01   2.1821333e+01   7.2720000e+01
   1.3181641e+02   3.2870182e+01  -1.1724998e+02   9.1200000e+01   2.2209778e+01   7.2653333e+01
   1.3181644e+02   3.2870122e+01  -1.1724994e+02   9.2000000e+01   2.2363889e+01   7.1777778e+01
   1.3181648e+02   3.2870063e+01  -1.1724991e+02   9.2433333e+01   2.2475889e+01   7.0858889e+01
   1.3181651e+02   3.2869999e+01  -1.1724988e+02   9.3300000e+01   2.2517000e+01   7.0146667e+01
   1.3181655e+02   3.2869935e+01  -1.1724985e+02   9.4166667e+01   2.2332667e+01   6.9648889e+01
   1.3181658e+02   3.2869870e+01  -1.1724983e+02   9.4966667e+01   2.2224556e+01   6.9803333e+01
   1.3181662e+02   3.2869802e+01  -1.1724979e+02   9.5633333e+01   2.2161444e+01   7.0167778e+01
   1.3181665e+02   3.2869733e+01  -1.1724978e+02   9.6500000e+01   2.2254111e+01   7.0631111e+01
   1.3181668e+02   3.2869662e+01  -1.1724976e+02   9.7366667e+01   2.2380667e+01   7.0763333e+01
   1.3181672e+02   3.2869588e+01  -1.1724974e+02   9.8066667e+01   2.2610333e+01   7.0525556e+01
   1.3181675e+02   3.2869519e+01  -1.1724971e+02   9.8800000e+01   2.2818778e+01   7.0112222e+01
   1.3181679e+02   3.2869451e+01  -1.1724968e+02   9.9400000e+01   2.2909778e+01   6.9426667e+01
   1.3181682e+02   3.2869382e+01  -1.1724964e+02   1.0013333e+02   2.2971333e+01   6.8731111e+01
   1.3181686e+02   3.2869321e+01  -1.1724960e+02   1.0096667e+02   2.3047889e+01   6.8176667e+01
   1.3181689e+02   3.2869268e+01  -1.1724954e+02   1.0163333e+02   2.3034333e+01   6.7752222e+01
   1.3181693e+02   3.2869226e+01  -1.1724947e+02   1.0206667e+02   2.3060000e+01   6.7392222e+01
   1.3181696e+02   3.2869193e+01  -1.1724940e+02   1.0233333e+02   2.2949556e+01   6.7058889e+01
   1.3181700e+02   3.2869164e+01  -1.1724932e+02   1.0210000e+02   2.2829333e+01   6.6977778e+01
   1.3181703e+02   3.2869138e+01  -1.1724925e+02   1.0250000e+02   2.2820667e+01   6.7296667e+01
   1.3181707e+02   3.2869122e+01  -1.1724916e+02   1.0290000e+02   2.2709444e+01   6.7488889e+01
   1.3181710e+02   3.2869117e+01  -1.1724908e+02   1.0343333e+02   2.2672000e+01   6.7652222e+01
   1.3181714e+02   3.2869118e+01  -1.1724899e+02   1.0450000e+02   2.2622778e+01   6.7708889e+01
   1.3181717e+02   3.2869133e+01  -1.1724889e+02   1.0600000e+02   2.2494778e+01   6.7693333e+01
   1.3181721e+02   3.2869161e+01  -1.1724879e+02   1.0676667e+02   2.2393778e+01   6.7840000e+01
   1.3181724e+02   3.2869199e+01  -1.1724870e+02   1.0773333e+02   2.2234444e+01   6.8082222e+01
   1.3181728e+02   3.2869254e+01  -1.1724862e+02   1.0853333e+02   2.1962556e+01   6.8397778e+01
   1.3181731e+02   3.2869317e+01  -1.1724856e+02   1.0933333e+02   2.1716222e+01   6.8967778e+01
   1.3181734e+02   3.2869391e+01  -1.1724850e+02   1.0990000e+02   2.1489778e+01   6.9662222e+01
   1.3181738e+02   3.2869470e+01  -1.1724845e+02   1.1066667e+02   2.1129444e+01   7.0393333e+01
   1.3181741e+02   3.2869563e+01  -1.1724842e+02   1.1120000e+02   2.0869889e+01   7.1262222e+01
   1.3181745e+02   3.2869667e+01  -1.1724838e+02   1.1113333e+02   2.0770444e+01   7.2214444e+01
   1.3181748e+02   3.2869771e+01  -1.1724834e+02   1.1116667e+02   2.0682889e+01   7.3083333e+01
   1.3181752e+02   3.2869882e+01  -1.1724829e+02   1.1163333e+02   2.0571778e+01   7.3745556e+01
   1.3181755e+02   3.2869992e+01  -1.1724824e+02   1.1183333e+02   2.0542444e+01   7.4298889e+01
   1.3181759e+02   3.2870107e+01  -1.1724820e+02   1.1193333e+02   2.0543667e+01   7.4631111e+01
   1.3181762e+02   3.2870227e+01  -1.1724816e+02   1.1220000e+02   2.0650222e+01   7.4915556e+01
   1.3181766e+02   3.2870347e+01  -1.1724811e+02   1.1190000e+02   2.0592889e+01   7.4914444e+01
   1.3181769e+02   3.2870473e+01  -1.1724806e+02   1.1116667e+02   2.0449778e+01   7.4873333e+01
   1.3181773e+02   3.2870605e+01  -1.1724802e+02   1.1156667e+02   2.0500333e+01   7.5060000e+01
   1.3181776e+02   3.2870739e+01  -1.1724795e+02   1.1166667e+02   2.0578333e+01   7.5117778e+01
   1.3181780e+02   3.2870869e+01  -1.1724787e+02   1.1180000e+02   2.0588667e+01   7.5165556e+01
   1.3181783e+02   3.2870992e+01  -1.1724779e+02   1.1206667e+02   2.0502667e+01   7.5117778e+01
   1.3181787e+02   3.2871105e+01  -1.1724767e+02   1.1220000e+02   2.0306111e+01   7.5195556e+01
   1.3181790e+02   3.2871197e+01  -1.1724753e+02   1.1170000e+02   2.0387333e+01   7.5558889e+01
   1.3181793e+02   3.2871282e+01  -1.1724738e+02   1.1063333e+02   2.0509889e+01   7.5748889e+01
   1.3181797e+02   3.2871362e+01  -1.1724722e+02   1.1013333e+02   2.0673444e+01   7.5676667e+01
   1.3181800e+02   3.2871427e+01  -1.1724704e+02   1.1040000e+02   2.0754333e+01   7.5291111e+01
   1.3181804e+02   3.2871474e+01  -1.1724685e+02   1.1090000e+02   2.0700667e+01   7.5028889e+01
   1.3181807e+02   3.2871498e+01  -1.1724666e+02   1.1126667e+02   2.0362667e+01   7.4928889e+01
   1.3181811e+02   3.2871513e+01  -1.1724647e+02   1.1110000e+02   2.0062778e+01   7.5291111e+01
   1.3181814e+02   3.2871544e+01  -1.1724627e+02   1.1100000e+02   1.9963889e+01   7.5894444e+01
   1.3181818e+02   3.2871609e+01  -1.1724607e+02   1.1123333e+02   1.9925556e+01   7.6470000e+01
   1.3181821e+02   3.2871705e+01  -1.1724588e+02   1.1160000e+02   2.0326667e+01   7.7016667e+01
   1.3181825e+02   3.2871835e+01  -1.1724572e+02   1.1180000e+02   2.0782333e+01   7.6831111e+01
   1.3181828e+02   3.2872003e+01  -1.1724559e+02   1.1170000e+02   2.0925889e+01   7.5945556e+01
   1.3181832e+02   3.2872184e+01  -1.1724550e+02   1.1180000e+02   2.1017889e+01   7.5220000e+01
   1.3181835e+02   3.2872371e+01  -1.1724543e+02   1.1210000e+02   2.1099778e+01   7.4850000e+01
   1.3181839e+02   3.2872555e+01  -1.1724536e+02   1.1253333e+02   2.1436889e+01   7.4515556e+01
   1.3181842e+02   3.2872738e+01  -1.1724529e+02   1.1276667e+02   2.1567222e+01   7.3857778e+01
   1.3181846e+02   3.2872916e+01  -1.1724523e+02   1.1336667e+02   2.1393000e+01   7.3242222e+01
   1.3181849e+02   3.2873089e+01  -1.1724517e+02   1.1380000e+02   2.1184000e+01   7.3154444e+01
   1.3181853e+02   3.2873258e+01  -1.1724511e+02   1.1393333e+02   2.0943111e+01   7.3388889e+01
   1.3181856e+02   3.2873423e+01  -1.1724505e+02   1.1420000e+02   2.0697222e+01   7.3773333e+01
   1.3181859e+02   3.2873589e+01  -1.1724500e+02   1.1430000e+02   2.0743111e+01   7.4545556e+01
   1.3181863e+02   3.2873756e+01  -1.1724496e+02   1.1433333e+02   2.0536556e+01   7.4881111e+01
   1.3181866e+02   3.2873924e+01  -1.1724490e+02   1.1476667e+02   2.0416111e+01   7.5163333e+01
   1.3181870e+02   3.2874096e+01  -1.1724486e+02   1.1530000e+02   2.0663556e+01   7.5578889e+01
   1.3181873e+02   3.2874265e+01  -1.1724481e+02   1.1583333e+02   2.0736778e+01   7.5517778e+01
   1.3181877e+02   3.2874433e+01  -1.1724475e+02   1.1633333e+02   2.0823444e+01   7.5292222e+01
   1.3181880e+02   3.2874590e+01  -1.1724468e+02   1.1660000e+02   2.0954222e+01   7.5095556e+01
   1.3181884e+02   3.2874744e+01  -1.1724458e+02   1.1716667e+02   2.1096111e+01   7.4752222e+01
   1.3181887e+02   3.2874886e+01  -1.1724447e+02   1.1790000e+02   2.1116000e+01   7.4308889e+01
   1.3181891e+02   3.2875016e+01  -1.1724435e+02   1.1880000e+02   2.1077111e+01   7.3958889e+01
   1.3181894e+02   3.2875138e+01  -1.1724421e+02   1.1953333e+02   2.0965000e+01   7.3801111e+01
   1.3181898e+02   3.2875268e+01  -1.1724408e+02   1.2003333e+02   2.0879333e+01   7.3871111e+01
   1.3181901e+02   3.2875372e+01  -1.1724400e+02   1.2040000e+02   2.0871750e+01   7.4067500e+01
   1.3181905e+02   3.2875435e+01  -1.1724391e+02   1.2070000e+02   2.0899400e+01   7.4204000e+01
   1.3181908e+02   3.2875450e+01  -1.1724388e+02   1.2105000e+02   2.1032750e+01   7.4413750e+01
   1.3181912e+02   3.2875453e+01  -1.1724388e+02   1.2153333e+02   2.1265889e+01   7.4730000e+01
   1.3181915e+02   3.2875454e+01  -1.1724388e+02   1.2186667e+02   2.1481889e+01   7.4790000e+01
   1.3181918e+02   3.2875459e+01  -1.1724388e+02   1.2220000e+02   2.1572222e+01   7.4495556e+01
   1.3181922e+02   3.2875462e+01  -1.1724388e+02   1.2216667e+02   2.1617444e+01   7.3976667e+01
   1.3181925e+02   3.2875462e+01  -1.1724388e+02   1.2193333e+02   2.1659333e+01   7.3606667e+01
   1.3181929e+02   3.2875465e+01  -1.1724388e+02   1.2206667e+02   2.1737000e+01   7.3705556e+01
   1.3181932e+02   3.2875466e+01  -1.1724388e+02   1.2223333e+02   2.1799556e+01   7.3963333e+01
   1.3181936e+02   3.2875492e+01  -1.1724382e+02   1.2263333e+02   2.1678333e+01   7.3231111e+01
   1.3181939e+02   3.2875557e+01  -1.1724372e+02   1.2286667e+02   2.1630111e+01   7.2388889e+01
   1.3181943e+02   3.2875653e+01  -1.1724363e+02   1.2296667e+02   2.1442444e+01   7.1972222e+01
   1.3181946e+02   3.2875792e+01  -1.1724358e+02   1.2266667e+02   2.1519889e+01   7.2078889e+01
   1.3181950e+02   3.2875960e+01  -1.1724358e+02   1.2273333e+02   2.1140778e+01   7.2220000e+01
   1.3181953e+02   3.2876142e+01  -1.1724361e+02   1.2256667e+02   2.0453667e+01   7.2677778e+01
   1.3181957e+02   3.2876336e+01  -1.1724364e+02   1.2220000e+02   2.0046889e+01   7.3950000e+01
   1.3181960e+02   3.2876537e+01  -1.1724366e+02   1.2213333e+02   2.0042556e+01   7.5483333e+01
   1.3181964e+02   3.2876742e+01  -1.1724369e+02   1.2260000e+02   2.0168111e+01   7.6407778e+01
   1.3181967e+02   3.2876938e+01  -1.1724371e+02   1.2290000e+02   2.0093556e+01   7.6763333e+01
   1.3181971e+02   3.2877130e+01  -1.1724374e+02   1.2280000e+02   1.9827333e+01   7.6917778e+01
   1.3181974e+02   3.2877323e+01  -1.1724376e+02   1.2290000e+02   1.9865889e+01   7.7385556e+01
   1.3181978e+02   3.2877514e+01  -1.1724378e+02   1.2330000e+02   1.9707111e+01   7.7645556e+01
   1.3181981e+02   3.2877708e+01  -1.1724379e+02   1.2336667e+02   1.9564000e+01   7.7950000e+01
   1.3181984e+02   3.2877912e+01  -1.1724380e+02   1.2326667e+02   1.9668111e+01   7.8348889e+01
   1.3181988e+02   3.2878117e+01  -1.1724380e+02   1.2330000e+02   1.9582222e+01   7.8603333e+01
   1.3181991e+02   3.2878324e+01  -1.1724380e+02   1.2340000e+02   1.9426667e+01   7.8858889e+01
   1.3181995e+02   3.2878532e+01  -1.1724380e+02   1.2316667e+02   1.9591778e+01   7.9333333e+01
   1.3181998e+02   3.2878742e+01  -1.1724379e+02   1.2256667e+02   2.0016778e+01   7.9358889e+01
   1.3182002e+02   3.2878957e+01  -1.1724378e+02   1.2123333e+02   2.0506444e+01   7.8818889e+01
   1.3182005e+02   3.2879172e+01  -1.1724378e+02   1.2086667e+02   2.0559667e+01   7.7817778e+01
   1.3182009e+02   3.2879391e+01  -1.1724377e+02   1.2130000e+02   2.0576778e+01   7.6983333e+01
   1.3182012e+02   3.2879613e+01  -1.1724377e+02   1.2043333e+02   2.0328556e+01   7.6454444e+01
   1.3182016e+02   3.2879840e+01  -1.1724377e+02   1.1946667e+02   2.0253222e+01   7.6462222e+01
   1.3182019e+02   3.2880071e+01  -1.1724377e+02   1.1900000e+02   2.0245556e+01   7.6672222e+01
   1.3182023e+02   3.2880306e+01  -1.1724376e+02   1.1896667e+02   2.0406000e+01   7.6971111e+01
   1.3182026e+02   3.2880534e+01  -1.1724377e+02   1.1873333e+02   2.0623000e+01   7.6934444e+01
   1.3182030e+02   3.2880764e+01  -1.1724376e+02   1.1900000e+02   2.0821889e+01   7.6672222e+01
   1.3182033e+02   3.2880990e+01  -1.1724376e+02   1.1890000e+02   2.0511111e+01   7.6093333e+01
   1.3182037e+02   3.2881217e+01  -1.1724375e+02   1.1870000e+02   2.0111778e+01   7.6093333e+01
   1.3182040e+02   3.2881442e+01  -1.1724375e+02   1.1860000e+02   1.9716333e+01   7.6607778e+01
   1.3182043e+02   3.2881671e+01  -1.1724377e+02   1.1880000e+02   1.9697778e+01   7.7546667e+01
   1.3182047e+02   3.2881897e+01  -1.1724375e+02   1.1796667e+02   1.9698111e+01   7.8118889e+01
   1.3182050e+02   3.2882132e+01  -1.1724375e+02   1.1733333e+02   2.0225222e+01   7.8587778e+01
   1.3182054e+02   3.2882373e+01  -1.1724375e+02   1.1686667e+02   2.0431444e+01   7.7986667e+01
   1.3182057e+02   3.2882617e+01  -1.1724375e+02   1.1600000e+02   2.0199222e+01   7.7203333e+01
   1.3182061e+02   3.2882870e+01  -1.1724375e+02   1.1546667e+02   1.9855000e+01   7.7044444e+01
   1.3182064e+02   3.2883132e+01  -1.1724375e+02   1.1446667e+02   1.9905222e+01   7.7471111e+01
   1.3182068e+02   3.2883395e+01  -1.1724377e+02   1.1516667e+02   2.0137889e+01   7.7725556e+01
   1.3182071e+02   3.2883662e+01  -1.1724377e+02   1.1506667e+02   2.0719667e+01   7.7545556e+01
   1.3182075e+02   3.2883926e+01  -1.1724377e+02   1.1456667e+02   2.1134556e+01   7.6634444e+01
   1.3182078e+02   3.2884187e+01  -1.1724377e+02   1.1416667e+02   2.1244667e+01   7.5251111e+01
   1.3182082e+02   3.2884440e+01  -1.1724375e+02   1.1330000e+02   2.1159333e+01   7.4437778e+01
   1.3182085e+02   3.2884698e+01  -1.1724375e+02   1.1246667e+02   2.1195778e+01   7.4132222e+01
   1.3182089e+02   3.2884952e+01  -1.1724375e+02   1.1003333e+02   2.1107556e+01   7.3951111e+01
   1.3182092e+02   3.2885201e+01  -1.1724375e+02   1.0890000e+02   2.1333778e+01   7.3950000e+01
   1.3182096e+02   3.2885442e+01  -1.1724375e+02   1.0880000e+02   2.1101000e+01   7.3555556e+01
   1.3182099e+02   3.2885680e+01  -1.1724375e+02   1.0826667e+02   2.0732222e+01   7.3588889e+01
   1.3182103e+02   3.2885909e+01  -1.1724375e+02   1.0896667e+02   2.0153667e+01   7.4182222e+01
   1.3182106e+02   3.2886180e+01  -1.1724374e+02   1.0890000e+02   1.9964556e+01   7.5386667e+01
   1.3182109e+02   3.2886451e+01  -1.1724374e+02   1.0923333e+02   1.9999889e+01   7.6363333e+01
   1.3182113e+02   3.2886681e+01  -1.1724374e+02   1.0973333e+02   2.0147333e+01   7.6830000e+01
   1.3182116e+02   3.2886906e+01  -1.1724372e+02   1.1020000e+02   2.0430556e+01   7.6996667e+01
   1.3182120e+02   3.2887126e+01  -1.1724368e+02   1.1043333e+02   2.0950889e+01   7.6656667e+01
   1.3182123e+02   3.2887337e+01  -1.1724365e+02   1.1140000e+02   2.1104222e+01   7.5698889e+01
   1.3182127e+02   3.2887539e+01  -1.1724360e+02   1.1253333e+02   2.0879111e+01   7.4920000e+01
   1.3182130e+02   3.2887737e+01  -1.1724354e+02   1.1310000e+02   2.1125333e+01   7.4755556e+01
   1.3182134e+02   3.2887895e+01  -1.1724350e+02   1.1295000e+02   2.0970000e+01   7.4250000e+01
   1.3182137e+02   3.2888053e+01  -1.1724344e+02   1.1326667e+02   2.0547222e+01   7.4160000e+01
   1.3182141e+02   3.2888240e+01  -1.1724337e+02   1.1376667e+02   2.0358556e+01   7.4738889e+01
   1.3182144e+02   3.2888409e+01  -1.1724330e+02   1.1450000e+02   2.0353778e+01   7.5412222e+01
   1.3182148e+02   3.2888585e+01  -1.1724322e+02   1.1462500e+02   2.0490111e+01   7.5794444e+01
   1.3182151e+02   3.2888743e+01  -1.1724312e+02   1.1383333e+02   2.0563889e+01   7.5770000e+01
   1.3182155e+02   3.2888873e+01  -1.1724304e+02   1.1420000e+02   2.0554444e+01   7.5721111e+01
   1.3182158e+02   3.2888992e+01  -1.1724297e+02   1.1420000e+02   2.0611222e+01   7.5823333e+01
   1.3182162e+02   3.2889102e+01  -1.1724290e+02   1.1570000e+02   2.0674778e+01   7.5726667e+01
   1.3182165e+02   3.2889201e+01  -1.1724279e+02   1.1586667e+02   2.0927444e+01   7.5565556e+01
   1.3182168e+02   3.2889312e+01  -1.1724270e+02   1.1656667e+02   2.1036778e+01   7.5077778e+01
   1.3182172e+02   3.2889438e+01  -1.1724265e+02   1.1716667e+02   2.0986444e+01   7.4550000e+01
   1.3182175e+02   3.2889550e+01  -1.1724258e+02   1.1783333e+02   2.0854222e+01   7.4278889e+01
   1.3182179e+02   3.2889659e+01  -1.1724251e+02   1.1866667e+02   2.0865556e+01   7.4287778e+01
   1.3182182e+02   3.2889767e+01  -1.1724244e+02   1.1920000e+02   2.0989444e+01   7.4321111e+01
   1.3182186e+02   3.2889875e+01  -1.1724236e+02   1.1970000e+02   2.1097444e+01   7.4167778e+01
   1.3182189e+02   3.2889981e+01  -1.1724230e+02   1.2010000e+02   2.1187556e+01   7.3944444e+01
   1.3182193e+02   3.2890086e+01  -1.1724223e+02   1.2060000e+02   2.1349000e+01   7.3682222e+01
   1.3182196e+02   3.2890190e+01  -1.1724216e+02   1.2126667e+02   2.1434889e+01   7.3337778e+01
   1.3182200e+02   3.2890298e+01  -1.1724208e+02   1.2206667e+02   2.1643222e+01   7.3020000e+01
   1.3182203e+02   3.2890405e+01  -1.1724200e+02   1.2270000e+02   2.1962556e+01   7.2643333e+01
   1.3182207e+02   3.2890512e+01  -1.1724192e+02   1.2260000e+02   2.2058000e+01   7.1881111e+01
   1.3182210e+02   3.2890614e+01  -1.1724183e+02   1.2276667e+02   2.2069000e+01   7.1185556e+01
   1.3182214e+02   3.2890719e+01  -1.1724173e+02   1.2343333e+02   2.2261111e+01   7.0816667e+01
   1.3182217e+02   3.2890820e+01  -1.1724163e+02   1.2406667e+02   2.2518333e+01   7.0515556e+01
   1.3182221e+02   3.2890914e+01  -1.1724153e+02   1.2450000e+02   2.2327889e+01   7.0206667e+01
   1.3182224e+02   3.2891012e+01  -1.1724141e+02   1.2510000e+02   2.1993778e+01   7.0266667e+01
   1.3182228e+02   3.2891111e+01  -1.1724128e+02   1.2560000e+02   2.1502222e+01   7.0697778e+01
   1.3182231e+02   3.2891207e+01  -1.1724113e+02   1.2543333e+02   2.1091778e+01   7.1655556e+01
   1.3182234e+02   3.2891309e+01  -1.1724097e+02   1.2496667e+02   2.0890111e+01   7.2763333e+01
   1.3182238e+02   3.2891415e+01  -1.1724080e+02   1.2460000e+02   2.0616333e+01   7.3765556e+01
   1.3182241e+02   3.2891525e+01  -1.1724062e+02   1.2516667e+02   2.0512667e+01   7.4595556e+01
   1.3182245e+02   3.2891636e+01  -1.1724044e+02   1.2456667e+02   2.0498222e+01   7.5353333e+01
   1.3182248e+02   3.2891593e+01  -1.1724024e+02   1.2426667e+02   2.0305333e+01   7.5733333e+01
   1.3182252e+02   3.2891434e+01  -1.1724005e+02   1.2296667e+02   2.0704000e+01   7.6422222e+01
   1.3182255e+02   3.2891264e+01  -1.1723982e+02   1.2126667e+02   2.1400000e+01   7.6426667e+01
   1.3182259e+02   3.2891107e+01  -1.1723955e+02   1.1923333e+02   2.1902111e+01   7.5122222e+01
   1.3182262e+02   3.2890965e+01  -1.1723927e+02   1.1690000e+02   2.1870889e+01   7.3442222e+01
   1.3182266e+02   3.2890849e+01  -1.1723896e+02   1.1470000e+02   2.1145889e+01   7.2575556e+01
   1.3182269e+02   3.2890757e+01  -1.1723862e+02   1.1300000e+02   2.0812333e+01   7.3036667e+01
   1.3182273e+02   3.2890677e+01  -1.1723827e+02   1.1086667e+02   2.0877889e+01   7.3877778e+01
   1.3182276e+02   3.2890597e+01  -1.1723788e+02   1.0793333e+02   2.1052333e+01   7.4168889e+01
   1.3182280e+02   3.2890508e+01  -1.1723747e+02   1.0483333e+02   2.0732889e+01   7.4052222e+01
   1.3182283e+02   3.2890417e+01  -1.1723705e+02   1.0200000e+02   2.0974444e+01   7.4481111e+01
   1.3182287e+02   3.2890327e+01  -1.1723662e+02   9.8766667e+01   2.0800000e+01   7.4365556e+01
   1.3182290e+02   3.2890234e+01  -1.1723618e+02   9.5600000e+01   2.0620778e+01   7.4507778e+01
   1.3182293e+02   3.2890136e+01  -1.1723572e+02   9.2700000e+01   2.1243000e+01   7.4812222e+01
   1.3182297e+02   3.2890015e+01  -1.1723526e+02   8.9333333e+01   2.1208556e+01   7.4075556e+01
   1.3182300e+02   3.2889861e+01  -1.1723482e+02   8.5866667e+01   2.0847889e+01   7.3655556e+01
   1.3182304e+02   3.2889684e+01  -1.1723439e+02   8.4066667e+01   2.0845333e+01   7.3854444e+01
   1.3182307e+02   3.2889474e+01  -1.1723398e+02   8.1666667e+01   2.0873222e+01   7.4074444e+01
   1.3182311e+02   3.2889243e+01  -1.1723358e+02   7.8833333e+01   2.1605667e+01   7.4178889e+01
   1.3182314e+02   3.2889004e+01  -1.1723318e+02   7.6200000e+01   2.2006556e+01   7.3138889e+01
   1.3182318e+02   3.2888762e+01  -1.1723280e+02   7.3833333e+01   2.1959111e+01   7.2045556e+01
   1.3182321e+02   3.2888538e+01  -1.1723241e+02   7.1466667e+01   2.2328778e+01   7.1530000e+01
   1.3182325e+02   3.2888329e+01  -1.1723203e+02   6.9200000e+01   2.2502111e+01   7.0577778e+01
   1.3182328e+02   3.2888152e+01  -1.1723166e+02   6.7866667e+01   2.2225222e+01   6.9736667e+01
   1.3182332e+02   3.2888000e+01  -1.1723132e+02   6.7533333e+01   2.1940778e+01   6.9623333e+01
   1.3182335e+02   3.2887876e+01  -1.1723099e+02   6.7866667e+01   2.1673333e+01   6.9836667e+01
   1.3182339e+02   3.2887769e+01  -1.1723070e+02   6.8433333e+01   2.1794111e+01   7.0492222e+01
   1.3182342e+02   3.2887679e+01  -1.1723042e+02   6.9300000e+01   2.1769778e+01   7.0776667e+01
   1.3182346e+02   3.2887601e+01  -1.1723018e+02   7.0533333e+01   2.1808444e+01   7.0780000e+01
   1.3182349e+02   3.2887540e+01  -1.1722995e+02   7.1366667e+01   2.1864444e+01   7.0587778e+01
   1.3182353e+02   3.2887488e+01  -1.1722975e+02   7.1066667e+01   2.1990556e+01   7.0447778e+01
   1.3182356e+02   3.2887444e+01  -1.1722957e+02   7.1766667e+01   2.2251667e+01   7.0240000e+01
   1.3182359e+02   3.2887403e+01  -1.1722939e+02   7.2400000e+01   2.2448000e+01   6.9786667e+01
   1.3182363e+02   3.2887366e+01  -1.1722920e+02   7.2900000e+01   2.2406333e+01   6.9233333e+01
   1.3182366e+02   3.2887328e+01  -1.1722902e+02   7.3733333e+01   2.2258111e+01   6.9034444e+01
   1.3182370e+02   3.2887295e+01  -1.1722888e+02   7.4800000e+01   2.2199556e+01   6.9147778e+01
   1.3182373e+02   3.2887278e+01  -1.1722877e+02   7.5500000e+01   2.2340889e+01   6.9296667e+01
   1.3182377e+02   3.2887271e+01  -1.1722871e+02   7.5833333e+01   2.2546222e+01   6.9285556e+01
   1.3182380e+02   3.2887263e+01  -1.1722868e+02   7.7766667e+01   2.2751111e+01   6.9311111e+01
   1.3182384e+02   3.2887260e+01  -1.1722868e+02   7.8700000e+01   2.2869778e+01   6.9140000e+01
   1.3182387e+02   3.2887260e+01  -1.1722868e+02   7.9533333e+01   2.3017667e+01   6.8665556e+01
   1.3182391e+02   3.2887260e+01  -1.1722868e+02   7.9566667e+01   2.3134667e+01   6.8223333e+01
   1.3182394e+02   3.2887257e+01  -1.1722868e+02   7.9400000e+01   2.3173444e+01   6.7933333e+01
   1.3182398e+02   3.2887257e+01  -1.1722868e+02   7.9433333e+01   2.3299889e+01   6.7935556e+01
   1.3182401e+02   3.2887256e+01  -1.1722867e+02   7.9600000e+01   2.3291889e+01   6.7998889e+01
   1.3182405e+02   3.2887241e+01  -1.1722863e+02   7.9666667e+01   2.3356889e+01   6.7516667e+01
   1.3182408e+02   3.2887226e+01  -1.1722852e+02   8.0033333e+01   2.3472556e+01   6.6832222e+01
   1.3182412e+02   3.2887197e+01  -1.1722839e+02   8.0700000e+01   2.3394444e+01   6.6171111e+01
   1.3182415e+02   3.2887166e+01  -1.1722824e+02   8.1200000e+01   2.3371778e+01   6.5882222e+01
   1.3182418e+02   3.2887136e+01  -1.1722809e+02   8.1633333e+01   2.3341111e+01   6.5785556e+01
   1.3182422e+02   3.2887105e+01  -1.1722793e+02   8.2133333e+01   2.3242111e+01   6.5783333e+01
   1.3182425e+02   3.2887071e+01  -1.1722777e+02   8.2533333e+01   2.3287333e+01   6.5957778e+01
   1.3182429e+02   3.2887037e+01  -1.1722761e+02   8.2933333e+01   2.3164333e+01   6.6064444e+01
   1.3182432e+02   3.2887004e+01  -1.1722744e+02   8.3366667e+01   2.2885111e+01   6.6312222e+01
   1.3182436e+02   3.2886974e+01  -1.1722728e+02   8.3566667e+01   2.2662667e+01   6.6816667e+01
   1.3182439e+02   3.2886954e+01  -1.1722715e+02   8.3833333e+01   2.2736556e+01   6.7323333e+01
   1.3182443e+02   3.2886929e+01  -1.1722706e+02   8.4033333e+01   2.2914222e+01   6.7432222e+01
   1.3182446e+02   3.2886913e+01  -1.1722703e+02   8.4833333e+01   2.3033889e+01   6.7231111e+01
   1.3182450e+02   3.2886898e+01  -1.1722698e+02   8.4800000e+01   2.3139444e+01   6.7157778e+01
   1.3182453e+02   3.2886886e+01  -1.1722687e+02   8.4300000e+01   2.3374778e+01   6.6864444e+01
   1.3182457e+02   3.2886875e+01  -1.1722673e+02   8.4233333e+01   2.3571333e+01   6.6283333e+01
   1.3182460e+02   3.2886848e+01  -1.1722656e+02   8.4300000e+01   2.3695222e+01   6.5722222e+01
   1.3182464e+02   3.2886817e+01  -1.1722639e+02   8.4300000e+01   2.3797556e+01   6.5261111e+01
   1.3182467e+02   3.2886781e+01  -1.1722622e+02   8.4433333e+01   2.3653000e+01   6.4851111e+01
   1.3182471e+02   3.2886747e+01  -1.1722605e+02   8.4700000e+01   2.3523667e+01   6.4825556e+01
   1.3182474e+02   3.2886712e+01  -1.1722587e+02   8.4933333e+01   2.3449556e+01   6.5004444e+01
   1.3182478e+02   3.2886678e+01  -1.1722568e+02   8.5000000e+01   2.3389444e+01   6.5175556e+01
   1.3182481e+02   3.2886642e+01  -1.1722549e+02   8.5333333e+01   2.3309778e+01   6.5355556e+01
   1.3182484e+02   3.2886606e+01  -1.1722529e+02   8.6033333e+01   2.3165778e+01   6.5500000e+01
   1.3182488e+02   3.2886574e+01  -1.1722510e+02   8.6733333e+01   2.3011667e+01   6.5736667e+01
   1.3182491e+02   3.2886537e+01  -1.1722490e+02   8.7566667e+01   2.2984556e+01   6.6073333e+01
   1.3182495e+02   3.2886491e+01  -1.1722471e+02   8.9166667e+01   2.3277222e+01   6.6263333e+01
   1.3182498e+02   3.2886439e+01  -1.1722453e+02   9.0066667e+01   2.3619889e+01   6.5911111e+01
   1.3182502e+02   3.2886375e+01  -1.1722435e+02   9.0500000e+01   2.3911333e+01   6.5153333e+01
   1.3182505e+02   3.2886307e+01  -1.1722419e+02   9.1066667e+01   2.4118111e+01   6.4337778e+01
   1.3182509e+02   3.2886238e+01  -1.1722404e+02   9.1600000e+01   2.4107111e+01   6.3590000e+01
   1.3182512e+02   3.2886165e+01  -1.1722391e+02   9.2000000e+01   2.3988778e+01   6.3197778e+01
   1.3182516e+02   3.2886092e+01  -1.1722377e+02   9.2400000e+01   2.3899000e+01   6.3130000e+01
   1.3182519e+02   3.2886018e+01  -1.1722366e+02   9.3066667e+01   2.3788222e+01   6.3235556e+01
   1.3182523e+02   3.2885939e+01  -1.1722355e+02   9.3333333e+01   2.3879556e+01   6.3423333e+01
   1.3182526e+02   3.2885860e+01  -1.1722345e+02   9.3866667e+01   2.3987889e+01   6.3361111e+01
   1.3182530e+02   3.2885787e+01  -1.1722335e+02   9.5133333e+01   2.4043333e+01   6.3128889e+01
   1.3182533e+02   3.2885717e+01  -1.1722324e+02   9.6100000e+01   2.4065000e+01   6.2867778e+01
   1.3182537e+02   3.2885623e+01  -1.1722316e+02   9.6633333e+01   2.4027889e+01   6.2678889e+01
   1.3182540e+02   3.2885521e+01  -1.1722308e+02   9.7200000e+01   2.3996556e+01   6.2645556e+01
   1.3182543e+02   3.2885418e+01  -1.1722300e+02   9.7666667e+01   2.3953111e+01   6.2673333e+01
   1.3182547e+02   3.2885314e+01  -1.1722293e+02   9.7900000e+01   2.3917000e+01   6.2965556e+01
   1.3182550e+02   3.2885209e+01  -1.1722287e+02   9.8200000e+01   2.4007556e+01   6.3183333e+01
   1.3182554e+02   3.2885099e+01  -1.1722280e+02   9.8600000e+01   2.4094778e+01   6.3184444e+01
   1.3182557e+02   3.2884993e+01  -1.1722275e+02   9.9233333e+01   2.4074333e+01   6.3180000e+01
   1.3182561e+02   3.2884890e+01  -1.1722268e+02   1.0010000e+02   2.3778000e+01   6.3315556e+01
   1.3182564e+02   3.2884785e+01  -1.1722261e+02   1.0063333e+02   2.3631333e+01   6.3998889e+01
   1.3182568e+02   3.2884678e+01  -1.1722254e+02   1.0096667e+02   2.3627556e+01   6.5483333e+01
   1.3182571e+02   3.2884570e+01  -1.1722247e+02   1.0120000e+02   2.3433111e+01   6.5338889e+01
   1.3182575e+02   3.2884460e+01  -1.1722239e+02   1.0153333e+02   2.3051000e+01   6.5214444e+01
   1.3182578e+02   3.2884351e+01  -1.1722231e+02   1.0253333e+02   2.2890222e+01   6.5570000e+01
   1.3182582e+02   3.2884238e+01  -1.1722224e+02   1.0286667e+02   2.3228667e+01   6.6263333e+01
   1.3182585e+02   3.2884118e+01  -1.1722216e+02   1.0330000e+02   2.3667111e+01   6.6321111e+01
   1.3182589e+02   3.2883991e+01  -1.1722208e+02   1.0363333e+02   2.4066333e+01   6.5618889e+01
   1.3182592e+02   3.2883866e+01  -1.1722200e+02   1.0393333e+02   2.4496778e+01   6.4585556e+01
   1.3182596e+02   3.2883740e+01  -1.1722192e+02   1.0420000e+02   2.4564556e+01   6.3390000e+01
   1.3182599e+02   3.2883614e+01  -1.1722183e+02   1.0466667e+02   2.4230444e+01   6.2745556e+01
   1.3182603e+02   3.2883487e+01  -1.1722175e+02   1.0490000e+02   2.4186889e+01   6.2940000e+01
   1.3182606e+02   3.2883361e+01  -1.1722166e+02   1.0480000e+02   2.4261667e+01   6.3007778e+01
   1.3182609e+02   3.2883231e+01  -1.1722157e+02   1.0493333e+02   2.4208667e+01   6.2910000e+01
   1.3182613e+02   3.2883098e+01  -1.1722146e+02   1.0526667e+02   2.4102333e+01   6.2924444e+01
   1.3182616e+02   3.2882965e+01  -1.1722135e+02   1.0533333e+02   2.4163111e+01   6.3168889e+01
   1.3182620e+02   3.2882833e+01  -1.1722123e+02   1.0543333e+02   2.4322222e+01   6.3084444e+01
   1.3182623e+02   3.2882701e+01  -1.1722111e+02   1.0550000e+02   2.3911333e+01   6.2515556e+01
   1.3182627e+02   3.2882573e+01  -1.1722099e+02   1.0566667e+02   2.3639222e+01   6.3513333e+01
   1.3182630e+02   3.2882449e+01  -1.1722086e+02   1.0586667e+02   2.3473333e+01   6.4693333e+01
   1.3182634e+02   3.2882325e+01  -1.1722073e+02   1.0636667e+02   2.3428333e+01   6.5628889e+01
   1.3182637e+02   3.2882220e+01  -1.1722059e+02   1.0720000e+02   2.3620333e+01   6.6377778e+01
   1.3182641e+02   3.2882144e+01  -1.1722051e+02   1.0776667e+02   2.4105667e+01   6.6185556e+01
   1.3182644e+02   3.2882112e+01  -1.1722046e+02   1.0820000e+02   2.4335556e+01   6.4927778e+01
   1.3182648e+02   3.2882079e+01  -1.1722042e+02   1.0820000e+02   2.4147556e+01   6.3320000e+01
   1.3182651e+02   3.2882001e+01  -1.1722034e+02   1.0800000e+02   2.4035333e+01   6.2168889e+01
   1.3182655e+02   3.2881906e+01  -1.1722021e+02   1.0766667e+02   2.4091222e+01   6.1837778e+01
   1.3182658e+02   3.2881807e+01  -1.1722008e+02   1.0776667e+02   2.3980778e+01   6.1665556e+01
   1.3182662e+02   3.2881705e+01  -1.1721994e+02   1.0800000e+02   2.4129000e+01   6.2520000e+01
   1.3182665e+02   3.2881604e+01  -1.1721978e+02   1.0830000e+02   2.3987556e+01   6.2388889e+01
   1.3182668e+02   3.2881498e+01  -1.1721962e+02   1.0850000e+02   2.4091444e+01   6.2447778e+01
   1.3182672e+02   3.2881388e+01  -1.1721943e+02   1.0823333e+02   2.4213333e+01   6.2277778e+01
   1.3182675e+02   3.2881283e+01  -1.1721926e+02   1.0776667e+02   2.4015889e+01   6.2010000e+01
   1.3182679e+02   3.2881175e+01  -1.1721904e+02   1.0753333e+02   2.3760556e+01   6.2087778e+01
   1.3182682e+02   3.2881070e+01  -1.1721883e+02   1.0703333e+02   2.3702667e+01   6.2576667e+01
   1.3182686e+02   3.2880969e+01  -1.1721862e+02   1.0650000e+02   2.3599778e+01   6.2990000e+01
   1.3182689e+02   3.2880873e+01  -1.1721841e+02   1.0630000e+02   2.3612222e+01   6.3550000e+01
   1.3182693e+02   3.2880775e+01  -1.1721819e+02   1.0670000e+02   2.3419111e+01   6.3514444e+01
   1.3182696e+02   3.2880681e+01  -1.1721797e+02   1.0596667e+02   2.3191111e+01   6.3628889e+01
   1.3182700e+02   3.2880574e+01  -1.1721774e+02   1.0560000e+02   2.3144111e+01   6.4047778e+01
   1.3182703e+02   3.2880465e+01  -1.1721751e+02   1.0580000e+02   2.3068667e+01   6.4434444e+01
   1.3182707e+02   3.2880351e+01  -1.1721727e+02   1.0630000e+02   2.3029000e+01   6.4761111e+01
   1.3182710e+02   3.2880241e+01  -1.1721704e+02   1.0633333e+02   2.3139333e+01   6.4990000e+01
   1.3182714e+02   3.2880136e+01  -1.1721681e+02   1.0673333e+02   2.3037000e+01   6.4912222e+01
   1.3182717e+02   3.2880025e+01  -1.1721658e+02   1.0726667e+02   2.2869111e+01   6.4988889e+01
   1.3182721e+02   3.2879917e+01  -1.1721634e+02   1.0753333e+02   2.2777556e+01   6.5275556e+01
   1.3182724e+02   3.2879809e+01  -1.1721611e+02   1.0766667e+02   2.2891444e+01   6.5577778e+01
   1.3182728e+02   3.2879697e+01  -1.1721588e+02   1.0780000e+02   2.2858667e+01   6.5603333e+01
   1.3182731e+02   3.2879571e+01  -1.1721565e+02   1.0786667e+02   2.2954000e+01   6.5632222e+01
   1.3182734e+02   3.2879435e+01  -1.1721543e+02   1.0746667e+02   2.3228778e+01   6.5544444e+01
   1.3182738e+02   3.2879284e+01  -1.1721523e+02   1.0736667e+02   2.3836000e+01   6.5107778e+01
   1.3182741e+02   3.2879121e+01  -1.1721503e+02   1.0766667e+02   2.3992111e+01   6.4137778e+01
   1.3182745e+02   3.2878951e+01  -1.1721486e+02   1.0760000e+02   2.4487333e+01   6.3527778e+01
   1.3182748e+02   3.2878769e+01  -1.1721470e+02   1.0723333e+02   2.5218000e+01   6.2305556e+01
   1.3182752e+02   3.2878581e+01  -1.1721456e+02   1.0673333e+02   2.5724667e+01   6.0610000e+01
   1.3182755e+02   3.2878380e+01  -1.1721445e+02   1.0650000e+02   2.5824222e+01   5.9133333e+01
   1.3182759e+02   3.2878176e+01  -1.1721436e+02   1.0713333e+02   2.5519111e+01   5.8373333e+01
   1.3182762e+02   3.2877965e+01  -1.1721428e+02   1.0746667e+02   2.5200111e+01   5.8425556e+01
   1.3182766e+02   3.2877753e+01  -1.1721423e+02   1.0693333e+02   2.5132889e+01   5.8801111e+01
   1.3182769e+02   3.2877538e+01  -1.1721421e+02   1.0626667e+02   2.4670111e+01   5.9058889e+01
   1.3182773e+02   3.2877324e+01  -1.1721420e+02   1.0633333e+02   2.4241222e+01   5.9917778e+01
   1.3182776e+02   3.2877115e+01  -1.1721420e+02   1.0580000e+02   2.4565889e+01   6.1793333e+01
   1.3182780e+02   3.2876904e+01  -1.1721420e+02   1.0586667e+02   2.4719000e+01   6.1777778e+01
   1.3182783e+02   3.2876701e+01  -1.1721420e+02   1.0570000e+02   2.4606889e+01   6.1115556e+01
   1.3182787e+02   3.2876494e+01  -1.1721421e+02   1.0623333e+02   2.4530889e+01   6.0952222e+01
   1.3182790e+02   3.2876289e+01  -1.1721421e+02   1.0710000e+02   2.4249000e+01   6.0782222e+01
   1.3182793e+02   3.2876085e+01  -1.1721419e+02   1.0760000e+02   2.4279667e+01   6.1038889e+01
   1.3182797e+02   3.2875881e+01  -1.1721420e+02   1.0810000e+02   2.4654444e+01   6.0953333e+01
   1.3182800e+02   3.2875683e+01  -1.1721421e+02   1.0856667e+02   2.5000556e+01   6.0561111e+01
   1.3182804e+02   3.2875505e+01  -1.1721421e+02   1.0860000e+02   2.5180889e+01   5.9825556e+01
   1.3182807e+02   3.2875370e+01  -1.1721421e+02   1.0923333e+02   2.4778778e+01   5.9250000e+01
   1.3182811e+02   3.2875300e+01  -1.1721421e+02   1.0973333e+02   2.4536333e+01   5.9532222e+01
   1.3182814e+02   3.2875290e+01  -1.1721421e+02   1.1006667e+02   2.4547444e+01   5.9744444e+01
   1.3182818e+02   3.2875287e+01  -1.1721421e+02   1.1043333e+02   2.4515000e+01   5.9858889e+01
   1.3182821e+02   3.2875285e+01  -1.1721421e+02   1.1096667e+02   2.4496556e+01   6.0010000e+01
   1.3182825e+02   3.2875281e+01  -1.1721421e+02   1.1153333e+02   2.4544556e+01   6.0163333e+01
   1.3182828e+02   3.2875278e+01  -1.1721421e+02   1.1210000e+02   2.4624889e+01   6.0151111e+01
   1.3182832e+02   3.2875278e+01  -1.1721421e+02   1.1270000e+02   2.4573111e+01   6.0051111e+01
   1.3182835e+02   3.2875241e+01  -1.1721423e+02   1.1276667e+02   2.4500889e+01   6.0070000e+01
   1.3182839e+02   3.2875163e+01  -1.1721424e+02   1.1213333e+02   2.4441667e+01   6.0212222e+01
   1.3182842e+02   3.2875051e+01  -1.1721423e+02   1.1113333e+02   2.4303556e+01   6.0370000e+01
   1.3182846e+02   3.2874903e+01  -1.1721423e+02   1.1053333e+02   2.4258333e+01   6.0618889e+01
   1.3182849e+02   3.2874743e+01  -1.1721423e+02   1.1063333e+02   2.4458000e+01   6.0827778e+01
   1.3182853e+02   3.2874572e+01  -1.1721423e+02   1.1093333e+02   2.4737667e+01   6.0546667e+01
   1.3182856e+02   3.2874398e+01  -1.1721424e+02   1.1003333e+02   2.4726444e+01   5.9954444e+01
   1.3182859e+02   3.2874228e+01  -1.1721424e+02   1.0856667e+02   2.4775222e+01   5.9582222e+01
   1.3182863e+02   3.2874049e+01  -1.1721425e+02   1.0866667e+02   2.4695556e+01   5.9340000e+01
   1.3182866e+02   3.2873867e+01  -1.1721425e+02   1.0940000e+02   2.4724000e+01   5.9197778e+01
   1.3182870e+02   3.2873676e+01  -1.1721426e+02   1.0673333e+02   2.4746889e+01   5.8998889e+01
   1.3182873e+02   3.2873486e+01  -1.1721427e+02   1.0656667e+02   2.4797111e+01   5.8792222e+01
   1.3182877e+02   3.2873291e+01  -1.1721427e+02   1.0693333e+02   2.4428778e+01   5.8746667e+01
   1.3182880e+02   3.2873094e+01  -1.1721428e+02   1.0726667e+02   2.4279111e+01   5.9294444e+01
   1.3182884e+02   3.2872899e+01  -1.1721431e+02   1.0793333e+02   2.4606667e+01   5.9776667e+01
   1.3182887e+02   3.2872724e+01  -1.1721433e+02   1.0840000e+02   2.4892000e+01   5.9645556e+01
   1.3182891e+02   3.2872617e+01  -1.1721447e+02   1.0746667e+02   2.5056333e+01   5.9476667e+01
   1.3182894e+02   3.2872561e+01  -1.1721468e+02   1.0723333e+02   2.5164444e+01   5.8703333e+01
   1.3182898e+02   3.2872504e+01  -1.1721493e+02   1.0663333e+02   2.5082778e+01   5.8175556e+01
   1.3182901e+02   3.2872444e+01  -1.1721517e+02   1.0546667e+02   2.5241000e+01   5.8052222e+01
   1.3182905e+02   3.2872393e+01  -1.1721544e+02   1.0306667e+02   2.5235111e+01   5.7868889e+01
   1.3182908e+02   3.2872341e+01  -1.1721572e+02   1.0300000e+02   2.5324667e+01   5.7758889e+01
   1.3182912e+02   3.2872284e+01  -1.1721600e+02   1.0343333e+02   2.5421889e+01   5.7684444e+01
   1.3182915e+02   3.2872232e+01  -1.1721628e+02   1.0273333e+02   2.5251000e+01   5.7517778e+01
   1.3182918e+02   3.2872173e+01  -1.1721655e+02   1.0193333e+02   2.4783111e+01   5.7906667e+01
   1.3182922e+02   3.2872123e+01  -1.1721681e+02   9.9700000e+01   2.4824111e+01   5.8603333e+01
   1.3182925e+02   3.2872064e+01  -1.1721706e+02   9.8533333e+01   2.4720556e+01   5.9004444e+01
   1.3182929e+02   3.2872003e+01  -1.1721730e+02   9.9100000e+01   2.4593111e+01   5.9377778e+01
   1.3182932e+02   3.2871937e+01  -1.1721754e+02   9.9633333e+01   2.4702111e+01   5.9612222e+01
   1.3182936e+02   3.2871861e+01  -1.1721779e+02   9.9466667e+01   2.4865556e+01   5.9575556e+01
   1.3182939e+02   3.2871770e+01  -1.1721802e+02   9.9366667e+01   2.4890667e+01   5.9647778e+01
   1.3182943e+02   3.2871668e+01  -1.1721825e+02   9.9400000e+01   2.4299333e+01   5.9385556e+01
   1.3182946e+02   3.2871562e+01  -1.1721847e+02   9.9800000e+01   2.4196111e+01   5.9997778e+01
   1.3182950e+02   3.2871445e+01  -1.1721871e+02   9.9266667e+01   2.4683556e+01   6.0452222e+01
   1.3182953e+02   3.2871323e+01  -1.1721895e+02   9.8633333e+01   2.4706444e+01   6.0067778e+01
   1.3182957e+02   3.2871198e+01  -1.1721919e+02   9.8533333e+01   2.4493667e+01   5.9922222e+01
   1.3182960e+02   3.2871077e+01  -1.1721942e+02   9.8333333e+01   2.4768889e+01   6.0052222e+01
   1.3182964e+02   3.2870959e+01  -1.1721966e+02   9.7833333e+01   2.4670889e+01   5.9781111e+01
   1.3182967e+02   3.2870841e+01  -1.1721989e+02   9.7466667e+01   2.4578111e+01   5.9693333e+01
   1.3182971e+02   3.2870735e+01  -1.1722013e+02   9.7366667e+01   2.4492333e+01   5.9848889e+01
   1.3182974e+02   3.2870637e+01  -1.1722039e+02   9.7166667e+01   2.4174222e+01   6.0175556e+01
   1.3182978e+02   3.2870565e+01  -1.1722061e+02   9.6950000e+01   2.4560625e+01   6.0755000e+01
   1.3182981e+02   3.2870518e+01  -1.1722083e+02   9.6566667e+01   2.4803333e+01   6.0448889e+01
   1.3182984e+02   3.2870476e+01  -1.1722109e+02   9.6100000e+01   2.4301000e+01   5.9838889e+01
   1.3182988e+02   3.2870461e+01  -1.1722136e+02   9.5466667e+01   2.3950444e+01   6.0087778e+01
   1.3182991e+02   3.2870464e+01  -1.1722163e+02   9.4766667e+01   2.3534778e+01   6.0814444e+01
   1.3182995e+02   3.2870483e+01  -1.1722190e+02   9.3933333e+01   2.3463556e+01   6.1803333e+01
   1.3182998e+02   3.2870524e+01  -1.1722217e+02   9.2533333e+01   2.3505111e+01   6.2413333e+01
   1.3183002e+02   3.2870593e+01  -1.1722244e+02   9.0800000e+01   2.3568778e+01   6.2725556e+01
   1.3183005e+02   3.2870675e+01  -1.1722269e+02   8.7200000e+01   2.3845444e+01   6.2787778e+01
   1.3183009e+02   3.2870772e+01  -1.1722293e+02   8.6000000e+01   2.4393778e+01   6.2413333e+01
   1.3183012e+02   3.2870887e+01  -1.1722315e+02   8.5700000e+01   2.4907778e+01   6.1620000e+01
   1.3183016e+02   3.2870992e+01  -1.1722338e+02   8.5833333e+01   2.4929444e+01   6.0722222e+01
   1.3183019e+02   3.2871103e+01  -1.1722362e+02   8.5866667e+01   2.4941778e+01   6.0238889e+01
   1.3183023e+02   3.2871220e+01  -1.1722386e+02   8.5333333e+01   2.4608000e+01   5.9998889e+01
   1.3183026e+02   3.2871334e+01  -1.1722412e+02   8.4800000e+01   2.4316556e+01   6.0262222e+01
   1.3183030e+02   3.2871445e+01  -1.1722436e+02   8.4433333e+01   2.4233444e+01   6.0795556e+01
   1.3183033e+02   3.2871568e+01  -1.1722463e+02   8.4066667e+01   2.4223111e+01   6.1297778e+01
   1.3183037e+02   3.2871688e+01  -1.1722487e+02   8.3600000e+01   2.4168000e+01   6.1620000e+01
   1.3183040e+02   3.2871798e+01  -1.1722513e+02   8.3333333e+01   2.4574778e+01   6.1778889e+01
   1.3183043e+02   3.2871914e+01  -1.1722538e+02   8.2966667e+01   2.4921556e+01   6.1233333e+01
   1.3183047e+02   3.2872026e+01  -1.1722563e+02   8.2833333e+01   2.4958556e+01   6.0391111e+01
   1.3183050e+02   3.2872136e+01  -1.1722588e+02   8.2333333e+01   2.4603444e+01   5.9816667e+01
   1.3183054e+02   3.2872232e+01  -1.1722615e+02   8.2100000e+01   2.4188222e+01   5.9898889e+01
   1.3183057e+02   3.2872306e+01  -1.1722642e+02   8.1833333e+01   2.4063444e+01   6.0253333e+01
   1.3183061e+02   3.2872375e+01  -1.1722670e+02   8.1933333e+01   2.3685444e+01   6.0958889e+01
   1.3183064e+02   3.2872424e+01  -1.1722695e+02   8.2533333e+01   2.3789444e+01   6.2210000e+01
   1.3183068e+02   3.2872451e+01  -1.1722720e+02   8.3333333e+01   2.3688667e+01   6.2760000e+01
   1.3183071e+02   3.2872472e+01  -1.1722743e+02   8.4000000e+01   2.3327222e+01   6.3188889e+01
   1.3183075e+02   3.2872481e+01  -1.1722764e+02   8.4633333e+01   2.3068000e+01   6.3866667e+01
   1.3183078e+02   3.2872476e+01  -1.1722785e+02   8.5033333e+01   2.2872111e+01   6.4505556e+01
   1.3183082e+02   3.2872458e+01  -1.1722805e+02   8.5466667e+01   2.2900000e+01   6.5208889e+01
   1.3183085e+02   3.2872437e+01  -1.1722824e+02   8.5900000e+01   2.3371111e+01   6.5668889e+01
   1.3183089e+02   3.2872409e+01  -1.1722843e+02   8.6033333e+01   2.3547000e+01   6.5317778e+01
   1.3183092e+02   3.2872374e+01  -1.1722863e+02   8.5533333e+01   2.3879889e+01   6.4801111e+01
   1.3183096e+02   3.2872332e+01  -1.1722884e+02   8.5000000e+01   2.4088111e+01   6.3920000e+01
   1.3183099e+02   3.2872293e+01  -1.1722905e+02   8.4800000e+01   2.3894111e+01   6.3077778e+01
   1.3183103e+02   3.2872246e+01  -1.1722926e+02   8.5233333e+01   2.3607556e+01   6.3066667e+01
   1.3183106e+02   3.2872199e+01  -1.1722948e+02   8.5300000e+01   2.3926667e+01   6.3530000e+01
   1.3183109e+02   3.2872150e+01  -1.1722970e+02   8.4933333e+01   2.4119667e+01   6.3335556e+01
   1.3183113e+02   3.2872104e+01  -1.1722993e+02   8.4233333e+01   2.4022889e+01   6.3075556e+01
   1.3183116e+02   3.2872056e+01  -1.1723016e+02   8.3500000e+01   2.3880000e+01   6.3158889e+01
   1.3183120e+02   3.2872016e+01  -1.1723039e+02   8.3100000e+01   2.3719778e+01   6.3263333e+01
   1.3183123e+02   3.2871967e+01  -1.1723063e+02   8.1933333e+01   2.3583222e+01   6.3372222e+01
   1.3183127e+02   3.2871922e+01  -1.1723089e+02   8.1300000e+01   2.3735111e+01   6.3725556e+01
   1.3183130e+02   3.2871891e+01  -1.1723115e+02   8.0566667e+01   2.4163667e+01   6.3748889e+01
   1.3183134e+02   3.2871871e+01  -1.1723142e+02   7.9700000e+01   2.4227111e+01   6.3301111e+01
   1.3183137e+02   3.2871849e+01  -1.1723169e+02   7.8800000e+01   2.4135444e+01   6.2944444e+01
   1.3183141e+02   3.2871840e+01  -1.1723198e+02   7.7866667e+01   2.4036111e+01   6.2667778e+01
   1.3183144e+02   3.2871838e+01  -1.1723226e+02   7.7300000e+01   2.3866556e+01   6.2246667e+01
   1.3183148e+02   3.2871839e+01  -1.1723255e+02   7.7233333e+01   2.3846111e+01   6.2087778e+01
   1.3183151e+02   3.2871844e+01  -1.1723281e+02   7.7066667e+01   2.4172556e+01   6.1983333e+01
   1.3183155e+02   3.2871848e+01  -1.1723305e+02   7.7000000e+01   2.4498333e+01   6.1608889e+01
   1.3183158e+02   3.2871849e+01  -1.1723326e+02   7.7100000e+01   2.3925111e+01   6.1230000e+01
   1.3183162e+02   3.2871841e+01  -1.1723345e+02   7.7100000e+01   2.3679333e+01   6.1874444e+01
   1.3183165e+02   3.2871834e+01  -1.1723357e+02   7.7166667e+01   2.3710333e+01   6.2622222e+01
   1.3183168e+02   3.2871834e+01  -1.1723362e+02   7.7433333e+01   2.4017667e+01   6.2998889e+01
   1.3183172e+02   3.2871829e+01  -1.1723363e+02   7.8100000e+01   2.4297778e+01   6.2857778e+01
   1.3183175e+02   3.2871821e+01  -1.1723364e+02   7.8500000e+01   2.4597667e+01   6.2286667e+01
   1.3183179e+02   3.2871816e+01  -1.1723364e+02   7.9166667e+01   2.4742667e+01   6.1657778e+01
   1.3183182e+02   3.2871814e+01  -1.1723364e+02   8.0100000e+01   2.4878333e+01   6.1130000e+01
   1.3183186e+02   3.2871815e+01  -1.1723364e+02   8.1033333e+01   2.4984444e+01   6.0738889e+01
   1.3183189e+02   3.2871815e+01  -1.1723364e+02   8.1200000e+01   2.5069556e+01   6.0407778e+01
   1.3183193e+02   3.2871815e+01  -1.1723364e+02   8.1300000e+01   2.5097000e+01   6.0122222e+01
   1.3183196e+02   3.2871815e+01  -1.1723365e+02   8.1633333e+01   2.4999667e+01   5.9876667e+01
   1.3183200e+02   3.2871815e+01  -1.1723366e+02   8.2000000e+01   2.4856111e+01   5.9841111e+01
   1.3183203e+02   3.2871812e+01  -1.1723364e+02   8.2100000e+01   2.4661222e+01   6.0083333e+01
   1.3183207e+02   3.2871812e+01  -1.1723366e+02   8.2300000e+01   2.4446778e+01   6.0402222e+01
   1.3183210e+02   3.2871819e+01  -1.1723372e+02   8.1866667e+01   2.4024667e+01   6.0798889e+01
   1.3183214e+02   3.2871835e+01  -1.1723383e+02   8.1733333e+01   2.4021556e+01   6.1625556e+01
   1.3183217e+02   3.2871840e+01  -1.1723395e+02   8.1033333e+01   2.4083222e+01   6.2144444e+01
   1.3183221e+02   3.2871844e+01  -1.1723409e+02   8.0600000e+01   2.4329889e+01   6.2314444e+01
   1.3183224e+02   3.2871854e+01  -1.1723422e+02   8.0733333e+01   2.4631667e+01   6.2096667e+01
   1.3183228e+02   3.2871868e+01  -1.1723436e+02   8.1100000e+01   2.4928778e+01   6.1613333e+01
   1.3183231e+02   3.2871879e+01  -1.1723448e+02   8.1566667e+01   2.5204667e+01   6.0963333e+01
   1.3183234e+02   3.2871887e+01  -1.1723461e+02   8.1866667e+01   2.5346000e+01   6.0302222e+01
   1.3183238e+02   3.2871895e+01  -1.1723472e+02   8.2233333e+01   2.5449444e+01   5.9724444e+01
   1.3183241e+02   3.2871901e+01  -1.1723484e+02   8.2900000e+01   2.5504444e+01   5.9135556e+01
   1.3183245e+02   3.2871907e+01  -1.1723495e+02   8.3333333e+01   2.5497556e+01   5.8708889e+01
   1.3183248e+02   3.2871915e+01  -1.1723506e+02   8.4166667e+01   2.5650222e+01   5.8583333e+01
   1.3183252e+02   3.2871924e+01  -1.1723517e+02   8.4866667e+01   2.5714889e+01   5.8385556e+01
   1.3183255e+02   3.2871923e+01  -1.1723528e+02   8.5800000e+01   2.5811667e+01   5.8238889e+01
   1.3183259e+02   3.2871925e+01  -1.1723538e+02   8.6766667e+01   2.5798111e+01   5.8044444e+01
   1.3183262e+02   3.2871929e+01  -1.1723548e+02   8.7600000e+01   2.5942333e+01   5.8004444e+01
   1.3183266e+02   3.2871937e+01  -1.1723558e+02   8.8266667e+01   2.6054667e+01   5.7808889e+01
   1.3183269e+02   3.2871948e+01  -1.1723568e+02   8.9233333e+01   2.6051444e+01   5.7663333e+01
   1.3183273e+02   3.2871959e+01  -1.1723578e+02   8.9966667e+01   2.5871000e+01   5.7678889e+01
   1.3183276e+02   3.2871967e+01  -1.1723589e+02   9.0833333e+01   2.5666778e+01   5.8036667e+01
   1.3183280e+02   3.2871986e+01  -1.1723599e+02   9.1466667e+01   2.5722444e+01   5.8921111e+01
   1.3183283e+02   3.2871998e+01  -1.1723610e+02   9.2366667e+01   2.5942333e+01   5.9384444e+01
   1.3183287e+02   3.2872009e+01  -1.1723621e+02   9.3300000e+01   2.5877333e+01   5.9183333e+01
   1.3183290e+02   3.2872021e+01  -1.1723632e+02   9.3900000e+01   2.5706333e+01   5.9034444e+01
   1.3183293e+02   3.2872028e+01  -1.1723643e+02   9.4366667e+01   2.5610667e+01   5.9067778e+01
   1.3183297e+02   3.2872047e+01  -1.1723654e+02   9.4966667e+01   2.5633556e+01   5.9152222e+01
   1.3183300e+02   3.2872059e+01  -1.1723665e+02   9.5466667e+01   2.5671556e+01   5.9140000e+01
   1.3183304e+02   3.2872070e+01  -1.1723676e+02   9.5633333e+01   2.5552111e+01   5.9226667e+01
   1.3183307e+02   3.2872087e+01  -1.1723688e+02   9.6000000e+01   2.5398111e+01   5.9402222e+01
   1.3183311e+02   3.2872117e+01  -1.1723700e+02   9.6166667e+01   2.4843000e+01   5.9238889e+01
   1.3183314e+02   3.2872161e+01  -1.1723711e+02   9.6200000e+01   2.3974111e+01   5.9782222e+01
   1.3183318e+02   3.2872218e+01  -1.1723723e+02   9.6300000e+01   2.3344556e+01   6.1146667e+01
   1.3183321e+02   3.2872271e+01  -1.1723734e+02   9.6600000e+01   2.2792222e+01   6.2633333e+01
   1.3183325e+02   3.2872328e+01  -1.1723746e+02   9.7066667e+01   2.2407778e+01   6.4125556e+01
   1.3183328e+02   3.2872359e+01  -1.1723758e+02   9.7100000e+01   2.2292444e+01   6.5514444e+01
   1.3183332e+02   3.2872377e+01  -1.1723765e+02   9.6933333e+01   2.2503222e+01   6.6458889e+01
   1.3183335e+02   3.2872384e+01  -1.1723771e+02   9.7166667e+01   2.2610222e+01   6.6686667e+01
   1.3183339e+02   3.2872404e+01  -1.1723785e+02   9.6625000e+01   2.2698667e+01   6.6687778e+01
   1.3183342e+02   3.2872400e+01  -1.1723799e+02   9.5650000e+01   2.2970889e+01   6.6660000e+01
   1.3183346e+02   3.2872360e+01  -1.1723811e+02   9.4533333e+01   2.3232667e+01   6.6395556e+01
   1.3183349e+02   3.2872230e+01  -1.1723823e+02   9.5100000e+01   2.3047556e+01   6.5973333e+01
   1.3183353e+02   3.2872115e+01  -1.1723835e+02   9.6166667e+01   2.3120667e+01   6.6061111e+01
   1.3183356e+02   3.2872041e+01  -1.1723843e+02   9.7100000e+01   2.3360778e+01   6.6143333e+01
   1.3183359e+02   3.2871972e+01  -1.1723850e+02   9.8300000e+01   2.3511444e+01   6.5865556e+01
   1.3183363e+02   3.2871917e+01  -1.1723856e+02   9.9333333e+01   2.3494000e+01   6.5525556e+01
   1.3183366e+02   3.2871860e+01  -1.1723863e+02   1.0016667e+02   2.3604667e+01   6.5278889e+01
   1.3183370e+02   3.2871814e+01  -1.1723871e+02   1.0120000e+02   2.3699667e+01   6.4820000e+01
   1.3183373e+02   3.2871766e+01  -1.1723877e+02   1.0175000e+02   2.3513889e+01   6.4523333e+01
   1.3183377e+02   3.2871708e+01  -1.1723886e+02   1.0220000e+02   2.3013111e+01   6.4532222e+01
   1.3183380e+02   3.2871653e+01  -1.1723894e+02   1.0310000e+02   2.2863556e+01   6.5247778e+01
   1.3183384e+02   3.2871598e+01  -1.1723903e+02   1.0373333e+02   2.2774556e+01   6.5853333e+01
   1.3183387e+02   3.2871545e+01  -1.1723913e+02   1.0436667e+02   2.3002444e+01   6.6323333e+01
   1.3183391e+02   3.2871492e+01  -1.1723922e+02   1.0470000e+02   2.3144111e+01   6.6353333e+01
   1.3183394e+02   3.2871431e+01  -1.1723932e+02   1.0510000e+02   2.3092333e+01   6.6191111e+01
   1.3183398e+02   3.2871374e+01  -1.1723940e+02   1.0555000e+02   2.2908333e+01   6.6215556e+01
   1.3183401e+02   3.2871306e+01  -1.1723952e+02   1.0597500e+02   2.2897667e+01   6.6422222e+01
   1.3183405e+02   3.2871225e+01  -1.1723963e+02   1.0656667e+02   2.2765778e+01   6.6297778e+01
   1.3183408e+02   3.2871151e+01  -1.1723973e+02   1.0716667e+02   2.2835111e+01   6.6308889e+01
   1.3183412e+02   3.2871077e+01  -1.1723984e+02   1.0763333e+02   2.2934889e+01   6.6273333e+01
   1.3183415e+02   3.2871005e+01  -1.1723992e+02   1.0820000e+02   2.3025778e+01   6.6145556e+01
   1.3183418e+02   3.2870935e+01  -1.1724002e+02   1.0896667e+02   2.3075778e+01   6.6063333e+01
   1.3183422e+02   3.2870871e+01  -1.1724013e+02   1.0936667e+02   2.3209444e+01   6.5614444e+01
   1.3183425e+02   3.2870803e+01  -1.1724022e+02   1.0986667e+02   2.3184333e+01   6.4660000e+01
   1.3183429e+02   3.2870735e+01  -1.1724031e+02   1.1036667e+02   2.2806333e+01   6.4214444e+01
   1.3183432e+02   3.2870669e+01  -1.1724040e+02   1.1120000e+02   2.2764667e+01   6.4546667e+01
   1.3183436e+02   3.2870605e+01  -1.1724048e+02   1.1203333e+02   2.2592778e+01   6.5008889e+01
   1.3183439e+02   3.2870542e+01  -1.1724058e+02   1.1263333e+02   2.2565111e+01   6.5265556e+01
   1.3183443e+02   3.2870481e+01  -1.1724067e+02   1.1360000e+02   2.2867222e+01   6.5336667e+01
   1.3183446e+02   3.2870431e+01  -1.1724076e+02   1.1446667e+02   2.2960889e+01   6.5073333e+01
   1.3183450e+02   3.2870389e+01  -1.1724084e+02   1.1533333e+02   2.2869556e+01   6.5051111e+01
   1.3183453e+02   3.2870355e+01  -1.1724093e+02   1.1613333e+02   2.3004000e+01   6.5317778e+01
   1.3183457e+02   3.2870319e+01  -1.1724103e+02   1.1670000e+02   2.3145667e+01   6.5232222e+01
   1.3183460e+02   3.2870293e+01  -1.1724113e+02   1.1740000e+02   2.3217444e+01   6.5017778e+01
   1.3183464e+02   3.2870280e+01  -1.1724123e+02   1.1756667e+02   2.3134444e+01   6.4817778e+01
   1.3183467e+02   3.2870260e+01  -1.1724134e+02   1.1793333e+02   2.3237778e+01   6.4873333e+01
   1.3183471e+02   3.2870250e+01  -1.1724144e+02   1.1850000e+02   2.3011222e+01   6.4950000e+01
   1.3183474e+02   3.2870248e+01  -1.1724156e+02   1.1920000e+02   2.2844444e+01   6.5180000e+01
   1.3183478e+02   3.2870247e+01  -1.1724167e+02   1.1986667e+02   2.2643222e+01   6.5416667e+01
   1.3183481e+02   3.2870251e+01  -1.1724179e+02   1.2046667e+02   2.2406000e+01   6.5704444e+01
   1.3183484e+02   3.2870268e+01  -1.1724190e+02   1.2063333e+02   2.2519778e+01   6.6085556e+01
   1.3183488e+02   3.2870291e+01  -1.1724203e+02   1.2086667e+02   2.2427444e+01   6.6145556e+01
   1.3183491e+02   3.2870320e+01  -1.1724215e+02   1.2140000e+02   2.2310778e+01   6.6100000e+01
   1.3183495e+02   3.2870359e+01  -1.1724227e+02   1.2156667e+02   2.2552111e+01   6.6490000e+01
   1.3183498e+02   3.2870416e+01  -1.1724241e+02   1.2100000e+02   2.2390778e+01   6.6431111e+01
   1.3183502e+02   3.2870494e+01  -1.1724255e+02   1.1973333e+02   2.2563556e+01   6.6723333e+01
   1.3183505e+02   3.2870584e+01  -1.1724269e+02   1.1933333e+02   2.2661556e+01   6.6831111e+01
   1.3183509e+02   3.2870684e+01  -1.1724282e+02   1.1896667e+02   2.2517889e+01   6.6595556e+01
   1.3183512e+02   3.2870797e+01  -1.1724294e+02   1.1856667e+02   2.2489000e+01   6.6917778e+01
   1.3183516e+02   3.2870914e+01  -1.1724305e+02   1.1820000e+02   2.2862889e+01   6.7335556e+01
   1.3183519e+02   3.2871049e+01  -1.1724311e+02   1.1786667e+02   2.3106556e+01   6.7170000e+01
   1.3183523e+02   3.2871162e+01  -1.1724300e+02   1.1753333e+02   2.3077556e+01   6.6801111e+01
   1.3183526e+02   3.2871236e+01  -1.1724284e+02   1.1803333e+02   2.2981778e+01   6.6732222e+01
   1.3183530e+02   3.2871308e+01  -1.1724269e+02   1.1853333e+02   2.2695778e+01   6.6850000e+01
   1.3183533e+02   3.2871366e+01  -1.1724256e+02   1.1886667e+02   2.2544000e+01   6.7281111e+01
   1.3183537e+02   3.2871433e+01  -1.1724245e+02   1.1950000e+02   2.2370333e+01   6.7663333e+01
   1.3183540e+02   3.2871501e+01  -1.1724233e+02   1.2016667e+02   2.2283889e+01   6.8056667e+01
   1.3183543e+02   3.2871567e+01  -1.1724220e+02   1.2080000e+02   2.2369000e+01   6.8420000e+01
   1.3183547e+02   3.2871653e+01  -1.1724208e+02   1.2153333e+02   2.2214889e+01   6.8527778e+01
   1.3183550e+02   3.2871753e+01  -1.1724198e+02   1.2216667e+02   2.1794444e+01   6.8703333e+01
   1.3183554e+02   3.2871869e+01  -1.1724190e+02   1.2290000e+02   2.1743333e+01   6.9321111e+01
   1.3183557e+02   3.2872005e+01  -1.1724184e+02   1.2470000e+02   2.1925444e+01   6.9845556e+01
   1.3183561e+02   3.2872138e+01  -1.1724178e+02   1.2486667e+02   2.2242667e+01   7.0011111e+01
   1.3183564e+02   3.2872261e+01  -1.1724170e+02   1.2500000e+02   2.2242333e+01   6.9623333e+01
   1.3183568e+02   3.2872377e+01  -1.1724162e+02   1.2603333e+02   2.2012556e+01   6.9321111e+01
   1.3183571e+02   3.2872472e+01  -1.1724151e+02   1.2680000e+02   2.2215556e+01   6.9734444e+01
   1.3183575e+02   3.2872551e+01  -1.1724141e+02   1.2733333e+02   2.2132000e+01   6.9667778e+01
   1.3183578e+02   3.2872658e+01  -1.1724134e+02   1.2850000e+02   2.2034556e+01   6.9481111e+01
   1.3183582e+02   3.2872790e+01  -1.1724134e+02   1.2840000e+02   2.2059556e+01   6.9512222e+01
   1.3183585e+02   3.2872932e+01  -1.1724136e+02   1.3000000e+02   2.2093667e+01   6.9614444e+01
   1.3183589e+02   3.2873081e+01  -1.1724136e+02   1.3056667e+02   2.2160222e+01   6.9530000e+01
   1.3183592e+02   3.2873231e+01  -1.1724137e+02   1.3130000e+02   2.1995667e+01   6.9478889e+01
   1.3183596e+02   3.2873385e+01  -1.1724140e+02   1.3120000e+02   2.1754889e+01   6.9158889e+01
   1.3183599e+02   3.2873543e+01  -1.1724141e+02   1.3163333e+02   2.1757778e+01   6.9421111e+01
   1.3183603e+02   3.2873711e+01  -1.1724140e+02   1.3163333e+02   2.1891222e+01   6.9722222e+01
   1.3183606e+02   3.2873882e+01  -1.1724139e+02   1.3063333e+02   2.2015667e+01   6.9636667e+01
   1.3183609e+02   3.2874055e+01  -1.1724139e+02   1.2906667e+02   2.2072778e+01   6.9392222e+01
   1.3183613e+02   3.2874236e+01  -1.1724139e+02   1.2743333e+02   2.1908222e+01   6.9031111e+01
   1.3183616e+02   3.2874451e+01  -1.1724139e+02   1.2493333e+02   2.2361333e+01   6.9257778e+01
   1.3183620e+02   3.2874651e+01  -1.1724134e+02   1.2413333e+02   2.2837778e+01   6.9017778e+01
   1.3183623e+02   3.2874748e+01  -1.1724112e+02   1.2380000e+02   2.2666778e+01   6.8012222e+01
   1.3183627e+02   3.2874858e+01  -1.1724094e+02   1.2420000e+02   2.2310111e+01   6.7507778e+01
   1.3183630e+02   3.2874996e+01  -1.1724083e+02   1.2416667e+02   2.2070333e+01   6.7800000e+01
   1.3183634e+02   3.2875150e+01  -1.1724080e+02   1.2360000e+02   2.1909333e+01   6.8345556e+01
   1.3183637e+02   3.2875314e+01  -1.1724079e+02   1.2226667e+02   2.1755000e+01   6.8685556e+01
   1.3183641e+02   3.2875487e+01  -1.1724077e+02   1.2150000e+02   2.1936667e+01   6.9331111e+01
   1.3183644e+02   3.2875648e+01  -1.1724074e+02   1.2040000e+02   2.1793000e+01   6.9445556e+01
   1.3183648e+02   3.2875820e+01  -1.1724074e+02   1.2030000e+02   2.1522444e+01   6.9631111e+01
   1.3183651e+02   3.2876014e+01  -1.1724074e+02   1.2050000e+02   2.1361667e+01   7.0134444e+01
   1.3183655e+02   3.2876221e+01  -1.1724074e+02   1.1943333e+02   2.1431556e+01   7.0736667e+01
   1.3183658e+02   3.2876440e+01  -1.1724074e+02   1.1870000e+02   2.1777444e+01   7.1323333e+01
   1.3183662e+02   3.2876643e+01  -1.1724073e+02   1.1653333e+02   2.1967111e+01   7.1343333e+01
   1.3183665e+02   3.2876835e+01  -1.1724073e+02   1.1526667e+02   2.2041000e+01   7.0958889e+01
   1.3183668e+02   3.2876971e+01  -1.1724084e+02   1.1573333e+02   2.2301556e+01   7.0907778e+01
   1.3183672e+02   3.2877120e+01  -1.1724088e+02   1.1566667e+02   2.2325111e+01   7.0446667e+01
   1.3183675e+02   3.2877274e+01  -1.1724088e+02   1.1603333e+02   2.2062111e+01   7.0151111e+01
   1.3183679e+02   3.2877436e+01  -1.1724092e+02   1.1496667e+02   2.1783667e+01   6.9965556e+01
   1.3183682e+02   3.2877600e+01  -1.1724095e+02   1.1463333e+02   2.1755444e+01   7.0133333e+01
   1.3183686e+02   3.2877758e+01  -1.1724097e+02   1.1390000e+02   2.1501778e+01   7.0287778e+01
   1.3183689e+02   3.2877903e+01  -1.1724093e+02   1.1450000e+02   2.1429889e+01   7.0722222e+01
   1.3183693e+02   3.2878020e+01  -1.1724081e+02   1.1816667e+02   2.1622667e+01   7.1144444e+01
   1.3183696e+02   3.2878170e+01  -1.1724076e+02   1.2036667e+02   2.1918778e+01   7.1144444e+01
   1.3183700e+02   3.2878323e+01  -1.1724073e+02   1.2323333e+02   2.1822333e+01   7.0721111e+01
   1.3183703e+02   3.2878485e+01  -1.1724072e+02   1.2510000e+02   2.1596889e+01   7.0334444e+01
   1.3183707e+02   3.2878653e+01  -1.1724069e+02   1.2546667e+02   2.1612556e+01   7.0381111e+01
   1.3183710e+02   3.2878802e+01  -1.1724058e+02   1.2606667e+02   2.1774444e+01   7.1665556e+01
   1.3183714e+02   3.2878971e+01  -1.1724052e+02   1.2586667e+02   2.1995222e+01   7.2056667e+01
   1.3183717e+02   3.2879138e+01  -1.1724052e+02   1.2583333e+02   2.2082556e+01   7.0945556e+01
   1.3183721e+02   3.2879293e+01  -1.1724057e+02   1.2573333e+02   2.2004556e+01   7.0175556e+01
   1.3183724e+02   3.2879435e+01  -1.1724060e+02   1.2673333e+02   2.1766889e+01   6.9675556e+01
   1.3183728e+02   3.2879563e+01  -1.1724061e+02   1.2736667e+02   2.1667111e+01   6.9620000e+01
   1.3183731e+02   3.2879692e+01  -1.1724061e+02   1.2710000e+02   2.1770556e+01   6.9921111e+01
   1.3183734e+02   3.2879835e+01  -1.1724062e+02   1.2766667e+02   2.1959333e+01   6.9714444e+01
   1.3183738e+02   3.2879996e+01  -1.1724062e+02   1.2760000e+02   2.2091889e+01   6.9481111e+01
   1.3183741e+02   3.2880169e+01  -1.1724064e+02   1.2553333e+02   2.2138778e+01   6.9443333e+01
   1.3183745e+02   3.2880339e+01  -1.1724064e+02   1.2736667e+02   2.2067111e+01   6.9435556e+01
   1.3183748e+02   3.2880508e+01  -1.1724064e+02   1.2933333e+02   2.2052556e+01   6.9266667e+01
   1.3183752e+02   3.2880680e+01  -1.1724064e+02   1.2856667e+02   2.2132667e+01   6.9554444e+01
   1.3183755e+02   3.2880853e+01  -1.1724064e+02   1.2710000e+02   2.1986111e+01   6.9817778e+01
   1.3183759e+02   3.2881018e+01  -1.1724067e+02   1.2123333e+02   2.1777556e+01   7.0082222e+01
   1.3183762e+02   3.2881166e+01  -1.1724072e+02   1.2326667e+02   2.1792667e+01   7.0272222e+01
   1.3183766e+02   3.2881310e+01  -1.1724074e+02   1.2300000e+02   2.1887778e+01   7.0588889e+01
   1.3183769e+02   3.2881415e+01  -1.1724080e+02   1.2330000e+02   2.2109222e+01   7.0842222e+01
   1.3183773e+02   3.2881507e+01  -1.1724083e+02   1.2440000e+02   2.2522667e+01   7.0555556e+01
   1.3183776e+02   3.2881612e+01  -1.1724084e+02   1.2626667e+02   2.2675333e+01   6.9710000e+01
   1.3183780e+02   3.2881721e+01  -1.1724084e+02   1.2750000e+02   2.2627222e+01   6.8977778e+01
   1.3183783e+02   3.2881826e+01  -1.1724083e+02   1.2830000e+02   2.2368333e+01   6.8646667e+01
   1.3183787e+02   3.2881936e+01  -1.1724084e+02   1.2953333e+02   2.2329778e+01   6.8805556e+01
   1.3183790e+02   3.2882047e+01  -1.1724084e+02   1.3060000e+02   2.2368778e+01   6.8967778e+01
   1.3183793e+02   3.2882154e+01  -1.1724085e+02   1.3166667e+02   2.2449667e+01   6.9036667e+01
   1.3183797e+02   3.2882257e+01  -1.1724084e+02   1.3286667e+02   2.2590111e+01   6.8936667e+01
   1.3183800e+02   3.2882339e+01  -1.1724078e+02   1.3363333e+02   2.2840667e+01   6.8670000e+01
   1.3183804e+02   3.2882413e+01  -1.1724075e+02   1.3310000e+02   2.3068889e+01   6.8342222e+01
   1.3183807e+02   3.2882472e+01  -1.1724072e+02   1.3206667e+02   2.2908667e+01   6.8202222e+01
   1.3183811e+02   3.2882557e+01  -1.1724069e+02   1.3243333e+02   2.2837889e+01   6.8172222e+01
   1.3183814e+02   3.2882685e+01  -1.1724069e+02   1.3296667e+02   2.2886667e+01   6.8841111e+01
   1.3183818e+02   3.2882823e+01  -1.1724069e+02   1.3350000e+02   2.2994667e+01   6.9346667e+01
   1.3183821e+02   3.2882970e+01  -1.1724069e+02   1.3306667e+02   2.2722333e+01   6.8388889e+01
   1.3183825e+02   3.2883127e+01  -1.1724069e+02   1.3136667e+02   2.2327222e+01   6.7968889e+01
   1.3183828e+02   3.2883294e+01  -1.1724069e+02   1.3130000e+02   2.2057667e+01   6.8266667e+01
   1.3183832e+02   3.2883470e+01  -1.1724068e+02   1.3186667e+02   2.1957889e+01   6.8564444e+01
   1.3183835e+02   3.2883647e+01  -1.1724065e+02   1.3200000e+02   2.1724667e+01   6.9194444e+01
   1.3183839e+02   3.2883808e+01  -1.1724065e+02   1.3170000e+02   2.1527333e+01   6.9716667e+01
   1.3183842e+02   3.2883972e+01  -1.1724064e+02   1.3140000e+02   2.1798667e+01   7.0304444e+01
   1.3183846e+02   3.2884136e+01  -1.1724064e+02   1.3143333e+02   2.1907778e+01   7.0347778e+01
   1.3183849e+02   3.2884289e+01  -1.1724064e+02   1.3100000e+02   2.1634333e+01   7.0128889e+01
   1.3183853e+02   3.2884445e+01  -1.1724064e+02   1.2926667e+02   2.1299222e+01   7.0376667e+01
   1.3183856e+02   3.2884599e+01  -1.1724066e+02   1.2926667e+02   2.1246333e+01   7.1041111e+01
   1.3183859e+02   3.2884756e+01  -1.1724068e+02   1.3153333e+02   2.1298333e+01   7.1582222e+01
   1.3183863e+02   3.2884909e+01  -1.1724068e+02   1.3380000e+02   2.1626889e+01   7.1931111e+01
   1.3183866e+02   3.2885076e+01  -1.1724068e+02   1.3416667e+02   2.1829000e+01   7.1937778e+01
   1.3183870e+02   3.2885247e+01  -1.1724069e+02   1.3486667e+02   2.1819333e+01   7.1496667e+01
   1.3183873e+02   3.2885423e+01  -1.1724069e+02   1.3406667e+02   2.1898778e+01   7.1310000e+01
   1.3183877e+02   3.2885605e+01  -1.1724070e+02   1.3273333e+02   2.1966111e+01   7.1204444e+01
   1.3183880e+02   3.2885785e+01  -1.1724071e+02   1.3236667e+02   2.2277333e+01   7.1135556e+01
   1.3183884e+02   3.2885972e+01  -1.1724072e+02   1.3176667e+02   2.2613111e+01   7.0807778e+01
   1.3183887e+02   3.2886162e+01  -1.1724073e+02   1.3163333e+02   2.2786667e+01   7.0041111e+01
   1.3183891e+02   3.2886363e+01  -1.1724074e+02   1.3130000e+02   2.2742333e+01   6.9456667e+01
   1.3183894e+02   3.2886571e+01  -1.1724074e+02   1.3080000e+02   2.2569556e+01   6.8916667e+01
   1.3183898e+02   3.2886752e+01  -1.1724075e+02   1.2990000e+02   2.2102778e+01   6.8712222e+01
   1.3183901e+02   3.2886915e+01  -1.1724074e+02   1.2766667e+02   2.2032778e+01   6.9118889e+01
   1.3183905e+02   3.2887071e+01  -1.1724074e+02   1.2600000e+02   2.2040444e+01   6.9501111e+01
   1.3183908e+02   3.2887234e+01  -1.1724074e+02   1.2546667e+02   2.1885667e+01   6.9438889e+01
   1.3183912e+02   3.2887402e+01  -1.1724075e+02   1.2543333e+02   2.1587222e+01   6.9421111e+01
   1.3183915e+02   3.2887569e+01  -1.1724076e+02   1.2690000e+02   2.1543889e+01   6.9767778e+01
   1.3183918e+02   3.2887745e+01  -1.1724078e+02   1.2713333e+02   2.1655111e+01   7.0055556e+01
   1.3183922e+02   3.2887928e+01  -1.1724079e+02   1.2750000e+02   2.1788222e+01   6.9998889e+01
   1.3183925e+02   3.2888110e+01  -1.1724079e+02   1.2740000e+02   2.1860000e+01   6.9924444e+01
   1.3183929e+02   3.2888288e+01  -1.1724081e+02   1.2676667e+02   2.1887222e+01   6.9967778e+01
   1.3183932e+02   3.2888453e+01  -1.1724081e+02   1.2686667e+02   2.1908333e+01   7.0147778e+01
   1.3183936e+02   3.2888567e+01  -1.1724071e+02   1.2796667e+02   2.1976667e+01   7.0277778e+01
   1.3183939e+02   3.2888696e+01  -1.1724064e+02   1.2823333e+02   2.2029778e+01   7.0232222e+01
   1.3183943e+02   3.2888858e+01  -1.1724064e+02   1.2900000e+02   2.1945444e+01   7.0097778e+01
   1.3183946e+02   3.2889014e+01  -1.1724065e+02   1.3016667e+02   2.2112778e+01   7.0118889e+01
   1.3183950e+02   3.2889173e+01  -1.1724068e+02   1.3050000e+02   2.2396667e+01   7.0198889e+01
   1.3183953e+02   3.2889338e+01  -1.1724069e+02   1.2976667e+02   2.2292667e+01   6.9681111e+01
   1.3183957e+02   3.2889498e+01  -1.1724069e+02   1.2823333e+02   2.1915333e+01   6.9453333e+01
   1.3183960e+02   3.2889661e+01  -1.1724071e+02   1.2666667e+02   2.1836333e+01   6.9856667e+01
   1.3183964e+02   3.2889832e+01  -1.1724071e+02   1.2403333e+02   2.1836778e+01   7.0162222e+01
   1.3183967e+02   3.2890004e+01  -1.1724070e+02   1.1996667e+02   2.1967778e+01   7.0470000e+01
   1.3183971e+02   3.2890179e+01  -1.1724071e+02   1.2026667e+02   2.2079000e+01   7.0471111e+01
   1.3183974e+02   3.2890348e+01  -1.1724072e+02   1.2020000e+02   2.2188556e+01   7.0171111e+01
   1.3183978e+02   3.2890516e+01  -1.1724072e+02   1.2126667e+02   2.2176111e+01   6.9898889e+01
   1.3183981e+02   3.2890691e+01  -1.1724074e+02   1.2133333e+02   2.2065556e+01   6.9871111e+01
   1.3183984e+02   3.2890865e+01  -1.1724073e+02   1.2206667e+02   2.2079222e+01   7.0237778e+01
   1.3183988e+02   3.2891014e+01  -1.1724078e+02   1.2190000e+02   2.1668000e+01   7.0456667e+01
   1.3183991e+02   3.2891034e+01  -1.1724093e+02   1.2313333e+02   2.1412667e+01   7.1091111e+01
   1.3183995e+02   3.2890918e+01  -1.1724100e+02   1.2486667e+02   2.1618000e+01   7.1937778e+01
   1.3183998e+02   3.2890775e+01  -1.1724096e+02   1.2670000e+02   2.1649111e+01   7.2190000e+01
   1.3184002e+02   3.2890625e+01  -1.1724094e+02   1.2873333e+02   2.1596778e+01   7.2056667e+01
   1.3184005e+02   3.2890475e+01  -1.1724093e+02   1.2923333e+02   2.1838333e+01   7.2025556e+01
   1.3184009e+02   3.2890324e+01  -1.1724090e+02   1.2910000e+02   2.1690222e+01   7.1417778e+01
   1.3184012e+02   3.2890172e+01  -1.1724088e+02   1.2876667e+02   2.1402000e+01   7.1155556e+01
   1.3184016e+02   3.2890027e+01  -1.1724088e+02   1.2900000e+02   2.1520889e+01   7.1464444e+01
   1.3184019e+02   3.2889886e+01  -1.1724088e+02   1.2980000e+02   2.1802778e+01   7.1532222e+01
   1.3184023e+02   3.2889759e+01  -1.1724085e+02   1.2950000e+02   2.2123375e+01   7.1241250e+01
   1.3184026e+02   3.2889627e+01  -1.1724086e+02   1.2983333e+02   2.2024889e+01   7.1191111e+01
   1.3184030e+02   3.2889463e+01  -1.1724086e+02   1.2996667e+02   2.1767444e+01   7.1164444e+01
   1.3184033e+02   3.2889309e+01  -1.1724085e+02   1.2976667e+02   2.1750778e+01   7.1311111e+01
   1.3184037e+02   3.2889147e+01  -1.1724086e+02   1.2930000e+02   2.1651778e+01   7.1322222e+01
   1.3184040e+02   3.2888976e+01  -1.1724091e+02   1.2830000e+02   2.1450444e+01   7.1431111e+01
   1.3184043e+02   3.2888805e+01  -1.1724098e+02   1.2760000e+02   2.1415556e+01   7.1617778e+01
   1.3184047e+02   3.2888638e+01  -1.1724097e+02   1.2733333e+02   2.1691111e+01   7.1847778e+01
   1.3184050e+02   3.2888526e+01  -1.1724087e+02   1.2730000e+02   2.1673556e+01   7.1442222e+01
   1.3184054e+02   3.2888531e+01  -1.1724071e+02   1.2736667e+02   2.1543778e+01   7.1254444e+01
   1.3184057e+02   3.2888639e+01  -1.1724064e+02   1.2643333e+02   2.1580444e+01   7.1270000e+01
   1.3184061e+02   3.2888765e+01  -1.1724062e+02   1.2663333e+02   2.1684556e+01   7.1286667e+01
   1.3184064e+02   3.2888808e+01  -1.1724051e+02   1.2633333e+02   2.1841778e+01   7.1210000e+01
   1.3184068e+02   3.2888783e+01  -1.1724033e+02   1.2516667e+02   2.1791333e+01   7.0946667e+01
   1.3184071e+02   3.2888755e+01  -1.1724022e+02   1.2386667e+02   2.1871000e+01   7.0985556e+01
   1.3184075e+02   3.2888756e+01  -1.1724020e+02   1.2420000e+02   2.2039000e+01   7.1197778e+01
   1.3184078e+02   3.2888755e+01  -1.1724019e+02   1.2436667e+02   2.2251778e+01   7.1377778e+01
   1.3184082e+02   3.2888741e+01  -1.1724009e+02   1.2390000e+02   2.2466444e+01   7.1206667e+01
   1.3184085e+02   3.2888723e+01  -1.1723992e+02   1.2323333e+02   2.2631556e+01   7.0423333e+01
   1.3184089e+02   3.2888715e+01  -1.1723969e+02   1.2243333e+02   2.2368333e+01   6.9627778e+01
   1.3184092e+02   3.2888726e+01  -1.1723943e+02   1.2186667e+02   2.2026222e+01   6.9493333e+01
   1.3184096e+02   3.2888738e+01  -1.1723914e+02   1.2140000e+02   2.1876778e+01   7.0158889e+01
   1.3184099e+02   3.2888640e+01  -1.1723893e+02   1.2063333e+02   2.1827889e+01   7.0777778e+01
   1.3184103e+02   3.2888420e+01  -1.1723888e+02   1.2010000e+02   2.1656333e+01   7.1281111e+01
   1.3184106e+02   3.2888203e+01  -1.1723887e+02   1.2033333e+02   2.1999778e+01   7.2708889e+01
   1.3184109e+02   3.2887998e+01  -1.1723885e+02   1.2030000e+02   2.2070111e+01   7.2905556e+01
   1.3184113e+02   3.2887805e+01  -1.1723884e+02   1.2036667e+02   2.2121222e+01   7.2915556e+01
   1.3184116e+02   3.2887614e+01  -1.1723883e+02   1.2083333e+02   2.2033778e+01   7.2755556e+01
   1.3184120e+02   3.2887427e+01  -1.1723881e+02   1.2066667e+02   2.1783111e+01   7.2488889e+01
   1.3184123e+02   3.2887233e+01  -1.1723880e+02   1.2106667e+02   2.1680778e+01   7.2915556e+01
   1.3184127e+02   3.2887034e+01  -1.1723878e+02   1.2086667e+02   2.1534667e+01   7.3286667e+01
   1.3184130e+02   3.2886831e+01  -1.1723877e+02   1.2080000e+02   2.1528111e+01   7.3783333e+01
   1.3184134e+02   3.2886626e+01  -1.1723876e+02   1.2086667e+02   2.1639222e+01   7.4027778e+01
   1.3184137e+02   3.2886421e+01  -1.1723874e+02   1.2083333e+02   2.1769000e+01   7.4248889e+01
   1.3184141e+02   3.2886219e+01  -1.1723873e+02   1.2076667e+02   2.1648556e+01   7.4152222e+01
   1.3184144e+02   3.2886009e+01  -1.1723871e+02   1.2013333e+02   2.1735333e+01   7.4224444e+01
   1.3184148e+02   3.2885790e+01  -1.1723870e+02   1.1916667e+02   2.1850667e+01   7.3533333e+01
   1.3184151e+02   3.2885550e+01  -1.1723868e+02   1.1763333e+02   2.2115333e+01   7.2247778e+01
   1.3184155e+02   3.2885288e+01  -1.1723866e+02   1.1673333e+02   2.2159000e+01   7.0853333e+01
   1.3184158e+02   3.2885024e+01  -1.1723864e+02   1.1613333e+02   2.1961333e+01   7.0080000e+01
   1.3184162e+02   3.2884782e+01  -1.1723865e+02   1.1453333e+02   2.1789889e+01   6.9968889e+01
   1.3184165e+02   3.2884563e+01  -1.1723865e+02   1.1413333e+02   2.1273111e+01   7.0254444e+01
   1.3184168e+02   3.2884357e+01  -1.1723865e+02   1.1383333e+02   2.0977556e+01   7.1124444e+01
   1.3184172e+02   3.2884159e+01  -1.1723865e+02   1.1413333e+02   2.0720667e+01   7.2184444e+01
   1.3184175e+02   3.2883956e+01  -1.1723864e+02   1.1416667e+02   2.0848000e+01   7.3028889e+01
   1.3184179e+02   3.2883761e+01  -1.1723865e+02   1.1303333e+02   2.0996444e+01   7.3406667e+01
   1.3184182e+02   3.2883601e+01  -1.1723865e+02   1.1286667e+02   2.1362778e+01   7.3392222e+01
   1.3184186e+02   3.2883493e+01  -1.1723862e+02   1.1120000e+02   2.1576889e+01   7.2888889e+01
   1.3184189e+02   3.2883425e+01  -1.1723854e+02   1.1170000e+02   2.1933000e+01   7.2324444e+01
   1.3184193e+02   3.2883415e+01  -1.1723836e+02   1.1216667e+02   2.1970778e+01   7.1481111e+01
   1.3184196e+02   3.2883394e+01  -1.1723814e+02   1.1176667e+02   2.1770778e+01   7.0938889e+01
   1.3184200e+02   3.2883349e+01  -1.1723787e+02   1.0973333e+02   2.1810333e+01   7.0922222e+01
   1.3184203e+02   3.2883263e+01  -1.1723756e+02   1.0583333e+02   2.1715000e+01   7.0823333e+01
   1.3184207e+02   3.2883142e+01  -1.1723721e+02   1.0193333e+02   2.1715000e+01   7.0830000e+01
   1.3184210e+02   3.2883004e+01  -1.1723682e+02   9.8733333e+01   2.2486111e+01   7.0694444e+01
   1.3184214e+02   3.2882885e+01  -1.1723644e+02   9.9033333e+01   2.3744444e+01   6.9005556e+01
   1.3184217e+02   3.2882812e+01  -1.1723614e+02   1.0060000e+02   2.3345556e+01   6.6854444e+01
   1.3184221e+02   3.2882798e+01  -1.1723589e+02   1.0236667e+02   2.2691222e+01   6.5802222e+01
   1.3184224e+02   3.2882812e+01  -1.1723569e+02   1.0423333e+02   2.2415667e+01   6.5928889e+01
   1.3184228e+02   3.2882844e+01  -1.1723548e+02   1.0450000e+02   2.2606889e+01   6.6476667e+01
   1.3184231e+02   3.2882877e+01  -1.1723528e+02   1.0413333e+02   2.2947667e+01   6.7005556e+01
   1.3184234e+02   3.2882914e+01  -1.1723506e+02   1.0356667e+02   2.3112778e+01   6.6848889e+01
   1.3184238e+02   3.2882922e+01  -1.1723482e+02   1.0293333e+02   2.3138778e+01   6.6750000e+01
   1.3184241e+02   3.2882899e+01  -1.1723460e+02   1.0203333e+02   2.3132000e+01   6.6702222e+01
   1.3184245e+02   3.2882914e+01  -1.1723443e+02   1.0220000e+02   2.3276444e+01   6.6608889e+01
   1.3184248e+02   3.2883032e+01  -1.1723434e+02   1.0243333e+02   2.3248556e+01   6.6364444e+01
   1.3184252e+02   3.2883200e+01  -1.1723423e+02   1.0196667e+02   2.2788889e+01   6.6137778e+01
   1.3184255e+02   3.2883369e+01  -1.1723408e+02   1.0110000e+02   2.2364000e+01   6.6524444e+01
   1.3184259e+02   3.2883497e+01  -1.1723389e+02   1.0033333e+02   2.2401667e+01   6.7334444e+01
   1.3184262e+02   3.2883484e+01  -1.1723373e+02   9.9666667e+01   2.2510111e+01   6.7708889e+01
   1.3184266e+02   3.2883428e+01  -1.1723362e+02   1.0010000e+02   2.2458778e+01   6.7683333e+01
   1.3184269e+02   3.2883336e+01  -1.1723354e+02   1.0145000e+02   2.2577444e+01   6.7694444e+01
   1.3184273e+02   3.2883255e+01  -1.1723347e+02   1.0236667e+02   2.2751111e+01   6.7584444e+01
   1.3184276e+02   3.2883157e+01  -1.1723341e+02   1.0443333e+02   2.2882000e+01   6.7353333e+01
   1.3184280e+02   3.2883049e+01  -1.1723345e+02   1.0613333e+02   2.3134111e+01   6.7274444e+01
   1.3184283e+02   3.2882936e+01  -1.1723348e+02   1.0520000e+02   2.3169111e+01   6.6985556e+01
   1.3184287e+02   3.2882824e+01  -1.1723342e+02   1.0410000e+02   2.3067889e+01   6.6641111e+01
   1.3184290e+02   3.2882722e+01  -1.1723333e+02   1.0340000e+02   2.3028111e+01   6.6504444e+01
   1.3184293e+02   3.2882635e+01  -1.1723324e+02   1.0093333e+02   2.3099111e+01   6.6135556e+01
   1.3184297e+02   3.2882507e+01  -1.1723316e+02   1.0023333e+02   2.3352889e+01   6.5406667e+01
   1.3184300e+02   3.2882373e+01  -1.1723312e+02   9.9233333e+01   2.3529000e+01   6.4352222e+01
   1.3184304e+02   3.2882225e+01  -1.1723309e+02   9.8233333e+01   2.3259444e+01   6.3362222e+01
   1.3184307e+02   3.2882083e+01  -1.1723309e+02   9.9300000e+01   2.2878111e+01   6.3331111e+01
   1.3184311e+02   3.2882013e+01  -1.1723314e+02   1.0060000e+02   2.2789111e+01   6.3856667e+01
   1.3184314e+02   3.2881938e+01  -1.1723317e+02   1.0070000e+02   2.2812556e+01   6.4215556e+01
   1.3184318e+02   3.2881812e+01  -1.1723311e+02   1.0183333e+02   2.2511444e+01   6.4443333e+01
   1.3184321e+02   3.2881678e+01  -1.1723300e+02   1.0333333e+02   2.2374667e+01   6.4924444e+01
   1.3184325e+02   3.2881547e+01  -1.1723288e+02   1.0203333e+02   2.2363778e+01   6.5385556e+01
   1.3184328e+02   3.2881421e+01  -1.1723273e+02   1.0236667e+02   2.2370111e+01   6.5536667e+01
   1.3184332e+02   3.2881289e+01  -1.1723259e+02   1.0076667e+02   2.2301444e+01   6.5524444e+01
   1.3184335e+02   3.2881119e+01  -1.1723251e+02   9.9733333e+01   2.2475111e+01   6.5476667e+01
   1.3184339e+02   3.2880949e+01  -1.1723253e+02   9.9766667e+01   2.2800667e+01   6.5564444e+01
   1.3184342e+02   3.2880816e+01  -1.1723264e+02   9.9833333e+01   2.3072556e+01   6.5422222e+01
   1.3184346e+02   3.2880705e+01  -1.1723275e+02   1.0030000e+02   2.3241556e+01   6.5152222e+01
   1.3184349e+02   3.2880604e+01  -1.1723286e+02   1.0096667e+02   2.3682444e+01   6.4903333e+01
   1.3184353e+02   3.2880503e+01  -1.1723297e+02   1.0160000e+02   2.3703778e+01   6.4352222e+01
   1.3184356e+02   3.2880382e+01  -1.1723298e+02   1.0166667e+02   2.3298333e+01   6.3787778e+01
   1.3184359e+02   3.2880274e+01  -1.1723288e+02   1.0216667e+02   2.3256333e+01   6.4046667e+01
   1.3184363e+02   3.2880202e+01  -1.1723273e+02   1.0260000e+02   2.3137667e+01   6.4475556e+01
   1.3184366e+02   3.2880147e+01  -1.1723255e+02   1.0270000e+02   2.3247111e+01   6.4870000e+01
   1.3184370e+02   3.2880099e+01  -1.1723236e+02   1.0303333e+02   2.3301333e+01   6.4783333e+01
   1.3184373e+02   3.2880049e+01  -1.1723216e+02   1.0390000e+02   2.3236111e+01   6.4555556e+01
   1.3184377e+02   3.2879991e+01  -1.1723198e+02   1.0453333e+02   2.3168333e+01   6.4571111e+01
   1.3184380e+02   3.2880056e+01  -1.1723184e+02   1.0443333e+02   2.3000556e+01   6.4865556e+01
   1.3184384e+02   3.2880168e+01  -1.1723167e+02   1.0416667e+02   2.2749778e+01   6.5180000e+01
   1.3184387e+02   3.2880282e+01  -1.1723149e+02   1.0433333e+02   2.2457778e+01   6.5624444e+01
   1.3184391e+02   3.2880383e+01  -1.1723128e+02   1.0466667e+02   2.2172222e+01   6.6180000e+01
   1.3184394e+02   3.2880474e+01  -1.1723105e+02   1.0473333e+02   2.1907556e+01   6.6835556e+01
   1.3184398e+02   3.2880573e+01  -1.1723082e+02   1.0436667e+02   2.1826000e+01   6.7491111e+01
   1.3184401e+02   3.2880667e+01  -1.1723059e+02   1.0433333e+02   2.1813889e+01   6.7757778e+01
   1.3184405e+02   3.2880770e+01  -1.1723038e+02   1.0446667e+02   2.2060667e+01   6.7924444e+01
   1.3184408e+02   3.2880868e+01  -1.1723015e+02   1.0470000e+02   2.2066556e+01   6.7804444e+01
   1.3184412e+02   3.2880965e+01  -1.1722991e+02   1.0400000e+02   2.2017222e+01   6.7600000e+01
   1.3184415e+02   3.2881063e+01  -1.1722969e+02   1.0296667e+02   2.1984444e+01   6.7675556e+01
   1.3184418e+02   3.2881166e+01  -1.1722947e+02   1.0226667e+02   2.1993667e+01   6.7402222e+01
   1.3184422e+02   3.2881253e+01  -1.1722925e+02   1.0146667e+02   2.2321111e+01   6.6974444e+01
   1.3184425e+02   3.2881332e+01  -1.1722904e+02   1.0070000e+02   2.2437667e+01   6.6245556e+01
   1.3184429e+02   3.2881437e+01  -1.1722883e+02   1.0020000e+02   2.2550111e+01   6.5691111e+01
   1.3184432e+02   3.2881539e+01  -1.1722860e+02   9.9833333e+01   2.2882111e+01   6.5454444e+01
   1.3184436e+02   3.2881641e+01  -1.1722837e+02   9.9366667e+01   2.3358556e+01   6.5074444e+01
   1.3184439e+02   3.2881751e+01  -1.1722813e+02   9.8900000e+01   2.3558889e+01   6.4156667e+01
   1.3184443e+02   3.2881860e+01  -1.1722790e+02   9.8300000e+01   2.3594111e+01   6.3028889e+01
   1.3184446e+02   3.2881967e+01  -1.1722765e+02   9.7800000e+01   2.3576444e+01   6.2372222e+01
   1.3184450e+02   3.2882070e+01  -1.1722741e+02   9.7133333e+01   2.3609222e+01   6.2080000e+01
   1.3184453e+02   3.2882167e+01  -1.1722715e+02   9.6466667e+01   2.3821000e+01   6.1876667e+01
   1.3184457e+02   3.2882244e+01  -1.1722688e+02   9.6066667e+01   2.4104444e+01   6.1597778e+01
   1.3184460e+02   3.2882312e+01  -1.1722659e+02   9.5900000e+01   2.4107000e+01   6.1067778e+01
   1.3184464e+02   3.2882367e+01  -1.1722631e+02   9.6100000e+01   2.4054333e+01   6.0743333e+01
   1.3184467e+02   3.2882413e+01  -1.1722603e+02   9.6233333e+01   2.4043556e+01   6.0746667e+01
   1.3184471e+02   3.2882449e+01  -1.1722576e+02   9.7000000e+01   2.3852333e+01   6.0616667e+01
   1.3184474e+02   3.2882464e+01  -1.1722550e+02   9.7566667e+01   2.3632333e+01   6.0418889e+01
   1.3184478e+02   3.2882473e+01  -1.1722525e+02   9.8333333e+01   2.3570222e+01   6.0468889e+01
   1.3184481e+02   3.2882473e+01  -1.1722500e+02   9.8666667e+01   2.3934889e+01   6.1051111e+01
   1.3184484e+02   3.2882468e+01  -1.1722477e+02   9.9300000e+01   2.4157000e+01   6.1447778e+01
   1.3184488e+02   3.2882446e+01  -1.1722458e+02   1.0030000e+02   2.4271111e+01   6.1397778e+01
   1.3184491e+02   3.2882422e+01  -1.1722438e+02   1.0070000e+02   2.4438333e+01   6.1200000e+01
   1.3184495e+02   3.2882390e+01  -1.1722419e+02   1.0086667e+02   2.4639000e+01   6.0911111e+01
   1.3184498e+02   3.2882352e+01  -1.1722400e+02   1.0083333e+02   2.4692333e+01   6.0280000e+01
   1.3184502e+02   3.2882314e+01  -1.1722384e+02   1.0103333e+02   2.4420111e+01   5.9475556e+01
   1.3184505e+02   3.2882271e+01  -1.1722370e+02   1.0220000e+02   2.4259000e+01   5.9150000e+01
   1.3184509e+02   3.2882205e+01  -1.1722357e+02   1.0243333e+02   2.4272778e+01   5.9057778e+01
   1.3184512e+02   3.2882136e+01  -1.1722342e+02   1.0293333e+02   2.4192111e+01   5.8866667e+01
   1.3184516e+02   3.2882072e+01  -1.1722326e+02   1.0350000e+02   2.4213111e+01   5.8786667e+01
   1.3184519e+02   3.2882003e+01  -1.1722310e+02   1.0393333e+02   2.4506556e+01   5.8851111e+01
   1.3184523e+02   3.2881925e+01  -1.1722295e+02   1.0463333e+02   2.4630333e+01   5.8752222e+01
   1.3184526e+02   3.2881844e+01  -1.1722280e+02   1.0526667e+02   2.4464000e+01   5.8471111e+01
   1.3184530e+02   3.2881762e+01  -1.1722264e+02   1.0616667e+02   2.4388333e+01   5.8380000e+01
   1.3184533e+02   3.2881677e+01  -1.1722248e+02   1.0650000e+02   2.4462556e+01   5.8512222e+01
   1.3184537e+02   3.2881593e+01  -1.1722233e+02   1.0676667e+02   2.4672444e+01   5.8582222e+01
   1.3184540e+02   3.2881513e+01  -1.1722219e+02   1.0703333e+02   2.4628444e+01   5.8620000e+01
   1.3184543e+02   3.2881438e+01  -1.1722203e+02   1.0743333e+02   2.4475111e+01   5.8894444e+01
   1.3184547e+02   3.2881374e+01  -1.1722186e+02   1.0766667e+02   2.4347111e+01   5.9171111e+01
   1.3184550e+02   3.2881338e+01  -1.1722169e+02   1.0763333e+02   2.4378778e+01   5.9478889e+01
   1.3184554e+02   3.2881316e+01  -1.1722151e+02   1.0776667e+02   2.4683444e+01   5.9497778e+01
   1.3184557e+02   3.2881322e+01  -1.1722132e+02   1.0796667e+02   2.4891222e+01   5.9070000e+01
   1.3184561e+02   3.2881338e+01  -1.1722114e+02   1.0820000e+02   2.5060111e+01   5.8506667e+01
   1.3184564e+02   3.2881253e+01  -1.1722105e+02   1.0863333e+02   2.5059000e+01   5.7891111e+01
   1.3184568e+02   3.2881147e+01  -1.1722096e+02   1.0826667e+02   2.4742444e+01   5.7830000e+01
   1.3184571e+02   3.2881066e+01  -1.1722080e+02   1.0766667e+02   2.4598000e+01   5.8206667e+01
   1.3184575e+02   3.2880989e+01  -1.1722063e+02   1.0756667e+02   2.4518000e+01   5.8555556e+01
   1.3184578e+02   3.2880917e+01  -1.1722046e+02   1.0803333e+02   2.4785667e+01   5.8970000e+01
   1.3184582e+02   3.2880838e+01  -1.1722028e+02   1.0820000e+02   2.5149556e+01   5.8997778e+01
   1.3184585e+02   3.2880758e+01  -1.1722008e+02   1.0816667e+02   2.5289000e+01   5.8997778e+01
   1.3184589e+02   3.2880674e+01  -1.1721990e+02   1.0796667e+02   2.5547444e+01   5.8733333e+01
   1.3184592e+02   3.2880599e+01  -1.1721973e+02   1.0776667e+02   2.5704000e+01   5.8161111e+01
   1.3184596e+02   3.2880526e+01  -1.1721954e+02   1.0800000e+02   2.5691111e+01   5.7794444e+01
   1.3184599e+02   3.2880444e+01  -1.1721935e+02   1.0820000e+02   2.5554333e+01   5.7797778e+01
   1.3184603e+02   3.2880352e+01  -1.1721914e+02   1.0806667e+02   2.5419333e+01   5.7861111e+01
   1.3184606e+02   3.2880263e+01  -1.1721894e+02   1.0793333e+02   2.5049889e+01   5.8052222e+01
   1.3184609e+02   3.2880196e+01  -1.1721882e+02   1.0790000e+02   2.4955000e+01   5.8290000e+01
   1.3184616e+02   3.2879758e+01  -1.1721873e+02   1.0573333e+02   2.4883889e+01   5.9162222e+01
   1.3184620e+02   3.2879594e+01  -1.1721882e+02   1.0456667e+02   2.5134000e+01   5.9282222e+01
   1.3184623e+02   3.2879559e+01  -1.1721902e+02   1.0463333e+02   2.5327111e+01   5.8967778e+01
   1.3184627e+02   3.2879555e+01  -1.1721922e+02   1.0490000e+02   2.5483000e+01   5.8580000e+01
   1.3184630e+02   3.2879555e+01  -1.1721942e+02   1.0533333e+02   2.5614111e+01   5.8190000e+01
   1.3184634e+02   3.2879555e+01  -1.1721962e+02   1.0596667e+02   2.5512444e+01   5.7910000e+01
   1.3184637e+02   3.2879555e+01  -1.1721979e+02   1.0646667e+02   2.5131444e+01   5.7924444e+01
   1.3184641e+02   3.2879481e+01  -1.1721990e+02   1.0633333e+02   2.5289333e+01   5.8333333e+01
   1.3184644e+02   3.2879330e+01  -1.1721994e+02   1.0656667e+02   2.5320667e+01   5.8433333e+01
   1.3184648e+02   3.2879154e+01  -1.1721995e+02   1.0590000e+02   2.5077000e+01   5.8558889e+01
   1.3184651e+02   3.2878967e+01  -1.1721994e+02   1.0533333e+02   2.5038667e+01   5.8870000e+01
   1.3184655e+02   3.2878792e+01  -1.1721994e+02   1.0490000e+02   2.5191667e+01   5.8942222e+01
   1.3184658e+02   3.2878651e+01  -1.1721994e+02   1.0483333e+02   2.5263778e+01   5.8668889e+01
   1.3184662e+02   3.2878494e+01  -1.1721995e+02   1.0456667e+02   2.5298222e+01   5.8518889e+01
   1.3184665e+02   3.2878318e+01  -1.1721989e+02   1.0396667e+02   2.5296778e+01   5.8321111e+01
   1.3184668e+02   3.2878173e+01  -1.1721974e+02   1.0330000e+02   2.5592111e+01   5.8506667e+01
   1.3184672e+02   3.2878085e+01  -1.1721951e+02   1.0260000e+02   2.5662111e+01   5.8411111e+01
   1.3184675e+02   3.2877935e+01  -1.1721932e+02   1.0183333e+02   2.5385889e+01   5.8066667e+01
   1.3184679e+02   3.2877706e+01  -1.1721926e+02   1.0086667e+02   2.5609667e+01   5.8543333e+01
   1.3184682e+02   3.2877504e+01  -1.1721925e+02   1.0050000e+02   2.5505857e+01   5.8150000e+01
